SATELLITE-SPECIFIC INFO FOR GNSS AND LEO SATELLITES, JING GUO's PANDA v1.3     2023-07-03 11:16:20:0620 
-------------------------------------------------------------------------------------------------------

FORMAT VERSION:  1.10
THIS FORMAT IS BASED ON BSW5.2 SATELLITE.I14 FILE (ftp://ftp.aiub.unibe.ch/BSWUSER52/GEN/SATELLITE.I14)

PART 1: PHYSICAL SATELLITE PARAMETERS
(A3,2X,A3,2X,A20,2X,A9,2X,I4,5(1X,I2),2X,I4,5(1X,I2),2X,F6.1,2X,I4)
-------------------------------------------------------------------
          SATELLITE               COSPAR        START TIME           END TIME          MASS  IFRQ
PRN  SVN     TYPE                   ID     YYYY MM DD HH MM SS  YYYY MM DD HH MM SS    (KG)

G01  032  BLOCK IIA             1992-079A  1992 11 22 00 00 00  2008 10 16 23 59 59   975.0     0
G01  037  BLOCK IIA             1993-032A  2008 10 23 00 00 00  2009 01 06 23 59 59   975.0     0
G01  049  BLOCK IIR-M           2009-014A  2009 03 24 00 00 00  2011 05 06 23 59 59  1100.0     0
G01  035  BLOCK IIA             1993-054A  2011 06 02 00 00 00  2011 07 12 23 59 59   975.0     0
G01  063  BLOCK IIF             2011-036A  2011 07 16 00 00 00                       1555.3     0
G02  013  BLOCK II              1989-044A  1989 06 10 00 00 00  2004 05 12 23 59 59   880.0     0
G02  061  BLOCK IIR-B           2004-045A  2004 11 06 00 00 00                       1100.0     0
G03  011  BLOCK I               1985-093A  1985 10 09 00 00 00  1994 04 13 23 59 59   521.8     0
G03  033  BLOCK IIA             1996-019A  1996 03 28 00 00 00  2014 08 18 23 59 59   975.0     0
G03  035  BLOCK IIA             1993-054A  2014 09 05 00 00 00  2014 10 20 23 59 59   975.0     0
G03  069  BLOCK IIF             2014-068A  2014 10 29 00 00 00                       1555.3     0
G04  001  BLOCK I               1978-020A  1978 02 22 00 00 00  1985 07 17 23 59 59   521.8     0
G04  034  BLOCK IIA             1993-068A  1993 10 26 00 00 00  2015 11 09 23 59 59   975.0     0
G04  049  BLOCK IIR-M           2009-014A  2016 02 02 00 00 00  2016 09 13 23 59 59  1100.0     0
G04  032  BLOCK IIA             1992-079A  2016 09 15 00 00 00  2016 12 05 23 59 59   975.0     0
G04  034  BLOCK IIA             1993-068A  2016 12 09 00 00 00  2017 01 03 23 59 59   975.0     0
G04  049  BLOCK IIR-M           2009-014A  2017 01 06 00 00 00  2017 05 12 23 59 59  1100.0     0
G04  038  BLOCK IIA             1997-067A  2017 05 19 00 00 00  2017 07 14 23 59 59   975.0     0
G04  036  BLOCK IIA             1994-016A  2017 07 20 00 00 00  2017 11 28 23 59 59   975.0     0
G04  049  BLOCK IIR-M           2009-014A  2017 12 01 00 00 00  2018 09 28 23 59 59  1100.0     0
G04  036  BLOCK IIA             1994-016A  2018 10 10 00 00 00  2019 01 02 23 59 59   975.0     0
G04  074  BLOCK IIIA            2018-109A  2019 01 09 00 00 00  2019 07 12 23 59 59  2000.0     0
G04  036  BLOCK IIA             1994-016A  2019 07 13 00 00 00  2019 10 08 23 59 59   975.0     0
G04  074  BLOCK IIIA            2018-109A  2019 10 21 00 00 00                       2000.0     0
G05  005  BLOCK I               1980-011A  1980 02 09 00 00 00  1984 05 11 23 59 59   521.8     0
G05  035  BLOCK IIA             1993-054A  1993 08 30 00 00 00  2009 06 08 23 59 59   975.0     0
G05  050  BLOCK IIR-M           2009-043A  2009 08 17 00 00 00                       1100.0     0
G06  003  BLOCK I               1978-093A  1978 10 06 00 00 00  1992 05 18 23 59 59   453.8     0
G06  036  BLOCK IIA             1994-016A  1994 03 10 00 00 00  2014 03 03 23 59 59   975.0     0
G06  049  BLOCK IIR-M           2009-014A  2014 04 03 00 00 00  2014 05 05 23 59 59  1100.0     0
G06  067  BLOCK IIF             2014-026A  2014 05 17 00 00 00                       1555.3     0
G07  002  BLOCK I               1978-047A  1978 05 13 00 00 00  1988 02 12 23 59 59   453.8     0
G07  037  BLOCK IIA             1993-032A  1993 05 13 00 00 00  2008 01 14 23 59 59   975.0     0
G07  048  BLOCK IIR-M           2008-012A  2008 03 15 00 00 00                       1100.0     0
G08  004  BLOCK I               1978-112A  1978 12 10 00 00 00  1989 10 14 23 59 59   440.9     0
G08  038  BLOCK IIA             1997-067A  1997 11 06 00 00 00  2015 04 13 23 59 59   975.0     0
G08  049  BLOCK IIR-M           2009-014A  2015 04 30 00 00 00  2015 07 01 23 59 59  1100.0     0
G08  072  BLOCK IIF             2015-033A  2015 07 15 00 00 00                       1555.3     0
G09  006  BLOCK I               1980-032A  1980 04 26 00 00 00  1991 03 06 23 59 59   462.6     0
G09  039  BLOCK IIA             1993-042A  1993 06 26 00 00 00  2014 07 21 23 59 59   975.0     0
G09  068  BLOCK IIF             2014-045A  2014 08 02 00 00 00                       1555.3     0
G10  040  BLOCK IIA             1996-041A  1996 07 16 00 00 00  2015 08 03 23 59 59   975.0     0
G10  036  BLOCK IIA             1994-016A  2015 09 16 00 00 00  2015 10 26 23 59 59   975.0     0
G10  073  BLOCK IIF             2015-062A  2015 10 31 00 00 00                       1555.3     0
G11  008  BLOCK I               1983-072A  1983 07 14 00 00 00  1993 05 04 23 59 59   519.8     0
G11  046  BLOCK IIR-A           1999-055A  1999 10 07 00 00 00  2021 04 09 23 59 59  1100.0     0
G11  078  BLOCK IIIA            2021-054A  2021 06 17 00 00 00                       2000.0     0
G12  010  BLOCK I               1984-097A  1984 09 08 00 00 00  1996 03 27 23 59 59   519.8     0
G12  058  BLOCK IIR-M           2006-052A  2006 11 17 00 00 00                       1100.0     0
G13  009  BLOCK I               1984-059A  1984 06 13 00 00 00  1994 06 20 23 59 59   520.4     0
G13  043  BLOCK IIR-A           1997-035A  1997 07 23 00 00 00                       1100.0     0
G14  014  BLOCK II              1989-013A  1989 02 14 00 00 00  2000 04 15 23 59 59   880.0     0
G14  041  BLOCK IIR-A           2000-071A  2000 11 10 00 00 00  2020 07 27 23 59 59  1100.0     0
G14  077  BLOCK IIIA            2020-078A  2020 11 05 00 00 00                       2000.0     0
G15  015  BLOCK II              1990-088A  1990 10 01 00 00 00  2007 03 13 23 59 59   880.0     0
G15  055  BLOCK IIR-M           2007-047A  2007 10 17 00 00 00                       1100.0     0
G16  016  BLOCK II              1989-064A  1989 08 18 00 00 00  2000 10 13 23 59 59   880.0     0
G16  056  BLOCK IIR-A           2003-005A  2003 01 29 00 00 00                       1100.0     0
G17  017  BLOCK II              1989-097A  1989 12 11 00 00 00  2005 02 23 23 59 59   880.0     0
G17  053  BLOCK IIR-M           2005-038A  2005 09 26 00 00 00                       1100.0     0
G18  018  BLOCK II              1990-008A  1990 01 24 00 00 00  2000 08 18 23 59 59   880.0     0
G18  054  BLOCK IIR-A           2001-004A  2001 01 30 00 00 00  2018 01 23 23 59 59  1100.0     0
G18  034  BLOCK IIA             1993-068A  2018 01 24 00 00 00  2020 03 09 23 59 59   975.0     0
G18  075  BLOCK IIIA            2019-056A  2020 03 13 00 00 00                       2000.0     0
G19  019  BLOCK II              1989-085A  1989 10 21 00 00 00  2001 09 11 23 59 59   880.0     0
G19  059  BLOCK IIR-B           2004-009A  2004 03 20 00 00 00                       1100.0     0
G20  020  BLOCK II              1990-025A  1990 03 26 00 00 00  1996 12 13 23 59 59   880.0     0
G20  051  BLOCK IIR-A           2000-025A  2000 05 11 00 00 00                       1100.0     0
G21  021  BLOCK II              1990-068A  1990 08 02 00 00 00  2003 01 27 23 59 59   880.0     0
G21  045  BLOCK IIR-A           2003-010A  2003 03 31 00 00 00                       1100.0     0
G22  022  BLOCK IIA             1993-007A  1993 02 03 00 00 00  2003 08 06 23 59 59   975.0     0
G22  047  BLOCK IIR-B           2003-058A  2003 12 21 00 00 00  2022 01 18 23 59 59  1100.0     0
G22  041  BLOCK IIR-A           2000-071A  2022 01 20 00 00 00                       1100.0     0
G23  023  BLOCK IIA             1990-103A  1990 11 26 00 00 00  2004 02 16 23 59 59   975.0     0
G23  060  BLOCK IIR-B           2004-023A  2004 06 23 00 00 00  2020 06 09 23 59 59  1100.0     0
G23  076  BLOCK IIIA            2020-041A  2020 07 14 00 00 00                       2000.0     0
G24  024  BLOCK IIA             1991-047A  1991 07 04 00 00 00  2011 09 30 23 59 59   975.0     0
G24  049  BLOCK IIR-M           2009-014A  2012 02 02 00 00 00  2012 03 14 23 59 59  1100.0     0
G24  032  BLOCK IIA             1992-079A  2012 03 15 00 00 00  2012 04 25 23 59 59   975.0     0
G24  037  BLOCK IIA             1993-032A  2012 04 26 00 00 00  2012 05 30 23 59 59   975.0     0
G24  049  BLOCK IIR-M           2009-014A  2012 08 09 00 00 00  2012 08 22 23 59 59  1100.0     0
G24  065  BLOCK IIF             2012-053A  2012 10 04 00 00 00                       1555.3     0
G25  025  BLOCK IIA             1992-009A  1992 02 23 00 00 00  2010 02 08 23 59 59   975.0     0
G25  035  BLOCK IIA             1993-054A  2010 02 09 00 00 00  2010 05 27 23 59 59   975.0     0
G25  062  BLOCK IIF             2010-022A  2010 05 28 00 00 00                       1555.3     0
G26  026  BLOCK IIA             1992-039A  1992 07 07 00 00 00  2015 01 05 23 59 59   975.0     0
G26  032  BLOCK IIA             1992-079A  2015 02 05 00 00 00  2015 02 24 23 59 59   975.0     0
G26  027  BLOCK IIA             1992-058A  2015 02 27 00 00 00  2015 03 16 23 59 59   975.0     0
G26  071  BLOCK IIF             2015-013A  2015 03 25 00 00 00                       1555.3     0
G27  027  BLOCK IIA             1992-058A  1992 09 09 00 00 00  2012 10 17 23 59 59   975.0     0
G27  049  BLOCK IIR-M           2009-014A  2012 10 18 00 00 00  2013 05 09 23 59 59  1100.0     0
G27  066  BLOCK IIF             2013-023A  2013 05 15 00 00 00                       1555.3     0
G28  028  BLOCK IIA             1992-019A  1992 04 10 00 00 00  1997 08 15 23 59 59   975.0     0
G28  044  BLOCK IIR-A           2000-040A  2000 07 16 00 00 00  2022 10 25 23 59 59  1100.0     0
G28  049  BLOCK IIR-M           2009-014A  2022 10 26 00 00 00  2022 11 02 23 59 59  1100.0     0
G28  079  BLOCK IIIA            2023-009A  2023 01 31 00 00 00                       2000.0     0
G29  029  BLOCK IIA             1992-089A  1992 12 18 00 00 00  2007 10 23 23 59 59   975.0     0
G29  057  BLOCK IIR-M           2007-062A  2007 12 20 00 00 00                       1100.0     0
G30  030  BLOCK IIA             1996-056A  1996 09 12 00 00 00  2011 08 04 23 59 59   975.0     0
G30  035  BLOCK IIA             1993-054A  2011 08 05 00 00 00  2013 05 06 23 59 59   975.0     0
G30  049  BLOCK IIR-M           2009-014A  2013 05 10 00 00 00  2013 08 21 23 59 59  1100.0     0
G30  032  BLOCK IIA             1992-079A  2013 08 22 00 00 00  2013 09 16 23 59 59   975.0     0
G30  037  BLOCK IIA             1993-032A  2013 09 19 00 00 00  2013 10 07 23 59 59   975.0     0
G30  027  BLOCK IIA             1992-058A  2013 12 03 00 00 00  2013 12 17 23 59 59   975.0     0
G30  049  BLOCK IIR-M           2009-014A  2013 12 19 00 00 00  2014 02 10 23 59 59  1100.0     0
G30  064  BLOCK IIF             2014-008A  2014 02 21 00 00 00                       1555.3     0
G31  031  BLOCK IIA             1993-017A  1993 03 30 00 00 00  2005 10 24 23 59 59   975.0     0
G31  052  BLOCK IIR-M           2006-042A  2006 09 25 00 00 00                       1100.0     0
G32  023  BLOCK IIA             1990-103A  2006 12 02 00 00 00  2016 01 25 23 59 59   975.0     0
G32  070  BLOCK IIF             2016-007A  2016 02 05 00 00 00                       1555.3     0
R01  771  GLONASS               1992-005C  1996 01 01 00 00 00  1996 12 21 23 59 59   900.0    23
R01  779  GLONASS               1998-077A  1998 12 30 00 00 00  2004 12 25 23 59 59   900.0     2
R01  796  GLONASS               2004-053A  2004 12 26 00 00 00  2009 12 13 23 59 59   900.0     7
R01  730  GLONASS-M             2009-070A  2009 12 14 00 00 00                       1415.0     1
R02  757  GLONASS               1993-010B  1996 01 01 00 00 00  1997 08 23 23 59 59   900.0     5
R02  794  GLONASS               2003-056B  2003 12 10 00 00 00  2008 12 24 23 59 59   900.0     1
R02  728  GLONASS-M             2008-067C  2008 12 25 00 00 00  2013 06 30 23 59 59  1415.0    -4
R02  747  GLONASS-M             2013-019A  2013 07 01 00 00 00                       1415.0    -4
R03  763  GLONASS               1994-076A  1994 11 20 00 00 00  2001 11 30 23 59 59   900.0    21
R03  789  GLONASS               2001-053B  2001 12 01 00 00 00  2008 12 24 23 59 59  1415.0    12
R03  727  GLONASS-M             2008-067A  2008 12 25 00 00 00  2010 09 30 23 59 59  1415.0     5
R03  722  GLONASS-M             2007-065B  2010 10 01 00 00 00  2010 12 15 23 59 59  1415.0    -5
R03  727  GLONASS-M             2008-067A  2010 12 16 00 00 00  2011 03 10 23 59 59  1415.0     5
R03  715  GLONASS-M             2006-062C  2011 03 11 00 00 00  2011 10 12 23 59 59  1415.0    -6
R03  801  GLONASS-K1            2011-009A  2011 10 13 00 00 00  2011 11 30 23 59 59   750.0    -5
R03  744  GLONASS-M             2011-064A  2011 12 01 00 00 00                       1415.0     5
R04  762  GLONASS               1994-076C  1994 11 20 00 00 00  1999 11 19 23 59 59   900.0    12
R04  795  GLONASS               2003-056C  2003 12 10 00 00 00  2009 12 13 23 59 59   900.0     6
R04  733  GLONASS-M             2009-070B  2009 12 14 00 00 00  2010 09 30 23 59 59  1415.0     6
R04  727  GLONASS-M             2008-067A  2010 10 01 00 00 00  2010 12 15 23 59 59  1415.0     6
R04  801  GLONASS-K1            2011-009A  2011 02 26 00 00 00  2011 10 10 23 59 59   750.0    -5
R04  742  GLONASS-M             2011-055A  2011 10 13 00 00 00  2019 08 25 23 59 59  1415.0     6
R04  859  GLONASS-M             2019-088A  2019 12 27 00 00 00                       1415.0     6
R05  711  GLONASS               2001-053A  2001 12 01 00 00 00  2009 12 13 23 59 59   900.0     7
R05  734  GLONASS-M             2009-070C  2009 12 14 00 00 00  2018 08 11 23 59 59  1415.0     1
R05  856  GLONASS-M             2018-053A  2018 08 22 00 00 00                       1415.0     1
R06  764  GLONASS               1994-076B  1994 11 20 00 00 00  2001 11 30 23 59 59   900.0    13
R06  790  GLONASS               2001-053C  2001 12 01 00 00 00  2003 12 09 23 59 59  1415.0     9
R06  701  GLONASS-M             2003-056A  2003 12 10 00 00 00  2010 04 27 23 59 59  1415.0    -4
R06  714  GLONASS-M             2005-050A  2010 04 28 00 00 00  2010 09 30 23 59 59  1415.0    -6
R06  733  GLONASS-M             2009-070B  2010 10 01 00 00 00                       1415.0    -4
R07  759  GLONASS               1993-010C  1996 01 01 00 00 00  1997 08 04 23 59 59   900.0    21
R07  786  GLONASS               1998-077C  1998 12 30 00 00 00  2004 12 25 23 59 59   900.0     7
R07  712  GLONASS-M             2004-053B  2004 12 26 00 00 00  2011 12 14 23 59 59  1415.0     5
R07  745  GLONASS-M             2011-064B  2011 12 15 00 00 00                       1415.0     5
R08  769  GLONASS               1992-005B  1996 01 01 00 00 00  1997 06 25 23 59 59   900.0     2
R08  784  GLONASS               1998-077B  1998 12 30 00 00 00  2004 12 25 23 59 59   900.0     8
R08  797  GLONASS               2004-053C  2004 12 26 00 00 00  2008 12 24 23 59 59   900.0     6
R08  729  GLONASS-M             2008-067B  2008 12 25 00 00 00  2012 09 12 23 59 59  1415.0     6
R08  743  GLONASS-M             2011-064C  2012 09 17 00 00 00  2012 10 17 23 59 59  1415.0    -6
R08  712  GLONASS-M             2004-053B  2012 10 18 00 00 00  2012 12 21 23 59 59  1415.0     6
R08  743  GLONASS-M             2011-064C  2012 12 22 00 00 00  2013 01 05 23 59 59  1415.0    -6
R08  801  GLONASS-K1            2011-009A  2013 01 06 00 00 00  2013 02 22 23 59 59   750.0    -5
R08  743  GLONASS-M             2011-064C  2013 02 23 00 00 00                       1415.0     6
R09  776  GLONASS               1995-068C  1995 12 14 00 00 00  2007 12 24 23 59 59   900.0     6
R09  722  GLONASS-M             2007-065B  2007 12 25 00 00 00  2010 09 30 23 59 59  1415.0    -2
R09  736  GLONASS-M             2010-041C  2010 10 01 00 00 00  2016 02 15 23 59 59  1415.0    -2
R09  802  GLONASS-K1            2014-075A  2016 02 16 00 00 00                        750.0    -2
R10  781  GLONASS               1995-037B  1995 07 24 00 00 00  2006 12 24 23 59 59   900.0     9
R10  717  GLONASS-M             2006-062B  2006 12 25 00 00 00  2019 08 01 23 59 59  1415.0    -7
R10  723  GLONASS-M             2007-065C  2019 09 30 00 00 00                       1415.0     0
R11  785  GLONASS               1995-037C  1995 07 24 00 00 00  2007 12 24 23 59 59   900.0     4
R11  723  GLONASS-M             2007-065C  2007 12 25 00 00 00  2016 06 23 23 59 59  1415.0     0
R11  853  GLONASS-M             2016-032A  2016 06 24 00 00 00  2020 11 19 23 59 59  1415.0     0
R11  805  GLONASS-K1            2020-075A  2020 12 01 00 00 00                        750.0     0
R12  767  GLONASS               1994-050A  1994 08 11 00 00 00  2010 09 01 23 59 59   900.0    22
R12  737  GLONASS-M             2010-041B  2010 09 02 00 00 00  2016 11 21 23 59 59  1415.0    -1
R12  723  GLONASS-M             2007-065C  2016 12 15 00 00 00  2019 06 18 23 59 59  1415.0    -1
R12  858  GLONASS-M             2019-030A  2019 06 19 00 00 00                       1415.0    -1
R13  782  GLONASS               1995-068A  1995 12 14 00 00 00  2007 12 24 23 59 59   900.0     6
R13  721  GLONASS-M             2007-065A  2007 12 25 00 00 00                       1415.0    -2
R14  770  GLONASS               1994-050C  1994 08 11 00 00 00  2006 12 24 23 59 59   900.0     9
R14  715  GLONASS-M             2006-062C  2006 12 25 00 00 00  2010 12 15 23 59 59  1415.0    -7
R14  722  GLONASS-M             2007-065B  2010 12 16 00 00 00  2011 10 12 23 59 59  1415.0    -7
R14  715  GLONASS-M             2006-062C  2011 10 13 00 00 00  2017 07 08 23 59 59  1415.0    -7
R14  801  GLONASS-K1            2011-009A  2017 09 21 00 00 00  2017 10 05 23 59 59   750.0    -5
R14  852  GLONASS-M             2017-055A  2017 10 10 00 00 00                       1415.0    -7
R15  780  GLONASS               1995-037A  1995 07 24 00 00 00  1999 04 06 23 59 59   900.0     4
R15  778  GLONASS               1995-068B  1999 04 07 00 00 00  2006 12 24 23 59 59   900.0    11
R15  716  GLONASS-M             2006-062A  2006 12 25 00 00 00  2018 11 23 23 59 59  1415.0     0
R15  857  GLONASS-M             2018-086A  2018 11 24 00 00 00                       1415.0     0
R16  775  GLONASS               1994-050B  1994 08 11 00 00 00  2010 09 01 23 59 59   900.0    22
R16  736  GLONASS-M             2010-041C  2010 09 02 00 00 00  2010 09 30 23 59 59  1415.0    -6
R16  738  GLONASS-M             2010-041A  2010 10 01 00 00 00  2016 02 14 23 59 59  1415.0    -1
R16  736  GLONASS-M             2010-041C  2016 03 09 00 00 00  2021 12 17 23 59 59  1415.0    -1
R16  861  GLONASS-M             2022-161A  2022 11 28 00 00 00                       1415.0    -1
R17  760  GLONASS               1994-021A  1994 04 11 00 00 00  2000 10 12 23 59 59   900.0    24
R17  787  GLONASS               2000-063A  2000 10 13 00 00 00  2007 10 25 23 59 59   900.0     5
R17  718  GLONASS-M             2007-052C  2007 10 26 00 00 00  2010 12 15 23 59 59  1415.0     4
R17  714  GLONASS-M             2005-050A  2010 12 16 00 00 00  2011 12 19 23 59 59  1415.0     4
R17  746  GLONASS-M             2011-071A  2011 12 20 00 00 00  2015 04 12 23 59 59  1415.0     4
R17  714  GLONASS-M             2005-050A  2015 04 13 00 00 00  2016 01 26 23 59 59  1415.0    -6
R17  802  GLONASS-K1            2014-075A  2016 01 27 00 00 00  2016 02 15 23 59 59   750.0    -6
R17  714  GLONASS-M             2005-050A  2016 02 16 00 00 00  2016 02 23 23 59 59  1415.0     4
R17  851  GLONASS-M             2016-008A  2016 02 24 00 00 00                       1415.0     4
R18  758  GLONASS               1994-021C  1994 04 11 00 00 00  2000 10 12 23 59 59   900.0    10
R18  783  GLONASS               2000-063C  2000 10 13 00 00 00  2008 09 24 23 59 59   900.0    10
R18  724  GLONASS-M             2008-046A  2008 09 25 00 00 00  2014 02 11 23 59 59  1415.0    -3
R18  714  GLONASS-M             2005-050A  2014 02 18 00 00 00  2014 04 10 23 59 59  1415.0    -6
R18  854  GLONASS-M             2014-012A  2014 04 11 00 00 00                       1415.0    -3
R19  777  GLONASS               1995-009C  1995 03 07 00 00 00  2005 12 24 23 59 59   900.0     3
R19  798  GLONASS               2005-050C  2005 12 25 00 00 00  2007 10 25 23 59 59   900.0     3
R19  720  GLONASS-M             2007-052A  2007 10 26 00 00 00                       1415.0     3
R20  765  GLONASS               1995-009A  1995 03 07 00 00 00  2006 02 27 23 59 59   900.0     1
R20  793  GLONASS               2002-060B  2006 02 28 00 00 00  2007 10 25 23 59 59  1480.0    11
R20  719  GLONASS-M             2007-052B  2007 10 26 00 00 00                       1415.0     2
R21  756  GLONASS               1992-047B  1996 01 01 00 00 00  2002 12 24 23 59 59   900.0    24
R21  792  GLONASS               2002-060C  2002 12 25 00 00 00  2008 09 24 23 59 59  1480.0     8
R21  725  GLONASS-M             2008-046B  2008 09 25 00 00 00  2014 08 01 23 59 59  1415.0     4
R21  855  GLONASS-M             2014-032A  2014 08 02 00 00 00                       1415.0     4
R22  766  GLONASS               1995-009B  1995 03 07 00 00 00  2002 12 24 23 59 59   900.0    10
R22  791  GLONASS               2002-060A  2002 12 25 00 00 00  2007 10 25 23 59 59  1480.0    10
R22  798  GLONASS               2005-050C  2007 10 26 00 00 00  2008 09 24 23 59 59   900.0     3
R22  726  GLONASS-M             2008-046C  2008 09 25 00 00 00  2010 02 28 23 59 59  1415.0    -3
R22  731  GLONASS-M             2010-007A  2010 03 01 00 00 00  2020 06 24 23 59 59  1415.0    -3
R22  735  GLONASS-M             2010-007B  2020 08 13 00 00 00  2022 06 04 23 59 59  1415.0    -3
R22  806  GLONASS-K1            2022-075A  2022 07 07 00 00 00                        750.0    -3
R23  761  GLONASS               1994-021B  1994 04 11 00 00 00  2002 12 24 23 59 59   900.0     3
R23  793  GLONASS               2002-060B  2002 12 25 00 00 00  2006 02 27 23 59 59  1480.0    11
R23  714  GLONASS-M             2005-050A  2006 02 28 00 00 00  2010 03 18 23 59 59  1415.0     3
R23  732  GLONASS-M             2010-007C  2010 03 19 00 00 00                       1415.0     3
R24  774  GLONASS               1992-047A  1996 01 01 00 00 00  1996 08 26 23 59 59   900.0     1
R24  788  GLONASS               2000-063B  2000 10 13 00 00 00  2005 12 24 23 59 59   900.0     3
R24  713  GLONASS-M             2005-050B  2005 12 25 00 00 00  2010 02 28 23 59 59  1415.0     2
R24  735  GLONASS-M             2010-007B  2010 03 01 00 00 00  2020 04 09 23 59 59  1415.0     2
R24  860  GLONASS-M             2020-018A  2020 04 10 00 00 00                       1415.0     2
R25  805  GLONASS-K1            2020-075A  2020 11 12 00 00 00  2020 11 30 23 59 59   750.0    -5
R25  807  GLONASS-K1            2022-130A  2022 10 10 00 00 00                        750.0    -5
R26  801  GLONASS-K1            2011-009A  2012 03 15 00 00 00  2013 01 05 23 59 59   750.0    -5
R26  801  GLONASS-K1            2011-009A  2013 02 23 00 00 00  2017 09 20 23 59 59   750.0    -5
R26  801  GLONASS-K1            2011-009A  2017 10 06 00 00 00                        750.0    -6
R27  802  GLONASS-K1            2014-075A  2014 11 30 00 00 00  2016 01 26 23 59 59   750.0     7
R27  716  GLONASS-M             2006-062A  2019 08 03 00 00 00                       1415.0    -4
E01  210  GALILEO-2             2016-030B  2016 05 24 00 00 00                        706.7     0
E02  211  GALILEO-2             2016-030A  2016 05 24 00 00 00                        707.6     0
E03  212  GALILEO-2             2016-069B  2016 11 17 00 00 00                        710.0     0
E04  213  GALILEO-2             2016-069C  2016 11 17 00 00 00                        708.8     0
E05  214  GALILEO-2             2016-069D  2016 11 17 00 00 00                        709.8     0
E07  207  GALILEO-2             2016-069A  2016 11 17 00 00 00                        706.6     0
E08  208  GALILEO-2             2015-079B  2015 12 17 00 00 00                        709.1     0
E09  209  GALILEO-2             2015-079A  2015 12 17 00 00 00                        707.9     0
E10  224  GALILEO-2             2021-116B  2015 12 17 00 00 00                        710.6     0
E11  101  GALILEO-1             2011-060A  2011 10 21 00 00 00                        696.8     0
E12  102  GALILEO-1             2011-060B  2011 10 21 00 00 00                        694.8     0
E13  220  GALILEO-2             2018-060B  2018 07 25 00 00 00                        694.8     0
E14  202  GALILEO-2             2014-050B  2014 08 22 00 00 00                        662.0     0
E15  221  GALILEO-2             2018-060A  2018 07 25 00 00 00                        694.8     0
E18  201  GALILEO-2             2014-050A  2014 08 22 00 00 00                        661.0     0
E19  103  GALILEO-1             2012-055A  2012 10 12 00 00 00                        695.0     0
E20  104  GALILEO-1             2012-055B  2012 10 12 00 00 00                        695.0     0
E21  215  GALILEO-2             2017-079A  2017 12 12 00 00 00                        733.0     0
E22  204  GALILEO-2             2015-017B  2015 03 27 00 00 00                        705.9     0
E24  205  GALILEO-2             2015-045A  2015 09 11 00 00 00                        708.8     0
E25  216  GALILEO-2             2017-079B  2017 12 12 00 00 00                        733.0     0
E26  203  GALILEO-2             2015-017A  2015 03 27 00 00 00                        705.7     0
E27  217  GALILEO-2             2017-079C  2017 12 12 00 00 00                        733.0     0
E30  206  GALILEO-2             2015-045B  2015 09 11 00 00 00                        707.7     0
E31  218  GALILEO-2             2017-079D  2017 12 12 00 00 00                        733.0     0
E33  222  GALILEO-2             2018-060D  2018 07 25 00 00 00                        694.8     0
E34  223  GALILEO-2             2021-116A  2015 12 17 00 00 00                        711.4     0
E36  219  GALILEO-2             2018-060C  2018 07 25 00 00 00                        694.8     0
E51  001  GALILEO-0A            2005-051A  2005 12 28 00 00 00  2012 06 30 23 59 59   550.0     0
E52  002  GALILEO-0B            2008-020A  2008 04 26 00 00 00  2012 07 23 23 59 59   502.0     0
C01  003  BEIDOU-2G             2010-001A  2010 01 16 00 00 00                       1382.0     0
C02  002  BEIDOU-2G             2009-018A  2009 04 14 00 00 00  2012 10 24 23 59 59  1551.0     0
C02  016  BEIDOU-2G             2012-059A  2012 10 25 00 00 00                       1551.0     0
C03  004  BEIDOU-2G             2010-024A  2010 06 02 00 00 00  2018 09 28 23 59 59  1486.0     0
C03  018  BEIDOU-2G             2016-037A  2018 09 29 00 00 00                       1486.0     0
C04  006  BEIDOU-2G             2010-057A  2010 10 31 00 00 00                       1536.0     0
C05  011  BEIDOU-2G             2012-008A  2012 02 14 00 00 00                       1502.0     0
C06  005  BEIDOU-2I             2010-036A  2010 07 31 00 00 00                       1284.0     0
C07  007  BEIDOU-2I             2010-068A  2010 12 17 00 00 00                       1284.0     0
C08  008  BEIDOU-2I             2011-013A  2011 04 09 00 00 00                       1284.0     0
C09  009  BEIDOU-2I             2011-038A  2011 07 26 00 00 00                       1284.0     0
C10  010  BEIDOU-2I             2011-073A  2011 12 01 00 00 00                       1278.0     0
C11  012  BEIDOU-2M             2012-018A  2012 04 29 00 00 00                       1193.0     0
C12  013  BEIDOU-2M             2012-018B  2012 04 29 00 00 00                       1176.0     0
C13  014  BEIDOU-2M             2012-050A  2012 09 18 00 00 00  2014 10 21 04 15 00  1176.0     0
C13  017  BEIDOU-2I             2016-021A  2016 10 11 07 30 00                       1283.0     0
C14  015  BEIDOU-2M             2012-050B  2012 09 18 00 00 00                       1184.0     0
C15  017  BEIDOU-2I             2016-021A  2016 03 29 00 00 00  2016 10 11 05 00 00  1283.0     0
C16  019  BEIDOU-2I             2018-057A  2018 08 01 00 00 00                       1272.0     0
C17  018  BEIDOU-2G             2016-037A  2016 06 12 00 00 00  2018 09 28 23 59 59  1486.0     0
C18  020  BEIDOU-2G             2019-027A  2019 05 17 00 00 00                       1500.0     0
C19  201  BEIDOU-3M-CAST        2017-069A  2018 11 15 00 00 00                        943.0     0
C20  202  BEIDOU-3M-CAST        2017-069B  2017 11 05 00 00 00                        942.0     0
C21  206  BEIDOU-3M-CAST        2018-018B  2018 02 12 00 00 00                        942.0     0
C22  205  BEIDOU-3M-CAST        2018-018A  2018 02 12 00 00 00                        941.0     0
C23  209  BEIDOU-3M-CAST        2018-062A  2018 07 29 00 00 00                        945.0     0
C24  210  BEIDOU-3M-CAST        2018-062B  2018 07 29 00 00 00                        946.0     0
C25  212  BEIDOU-3M-SECM        2018-067B  2018 08 24 00 00 00                       1043.3     0
C26  211  BEIDOU-3M-SECM        2018-067A  2018 08 24 00 00 00                       1041.8     0
C27  203  BEIDOU-3M-SECM        2018-003A  2018 01 11 00 00 00                       1018.0     0
C28  204  BEIDOU-3M-SECM        2018-003B  2018 01 11 00 00 00  2018 06 11 23 59 59  1014.4     0
C28  204  BEIDOU-3M-SECM        2018-003B  2018 12 20 00 00 00                       1014.4     0
C29  207  BEIDOU-3M-SECM        2018-029A  2018 03 29 00 00 00                       1010.4     0
C30  208  BEIDOU-3M-SECM        2018-029B  2018 03 29 00 00 00                       1008.6     0
C32  213  BEIDOU-3M-CAST        2018-072A  2018 09 19 00 00 00                       1007.0     0
C33  214  BEIDOU-3M-CAST        2018-072B  2018 09 19 00 00 00                       1007.0     0
C34  216  BEIDOU-3M-SECM        2018-078B  2018 10 15 00 00 00                       1046.6     0
C35  215  BEIDOU-3M-SECM        2018-078A  2018 10 15 00 00 00                       1045.0     0
C36  218  BEIDOU-3M-CAST        2018-093A  2018 11 18 00 00 00                       1061.0     0
C37  219  BEIDOU-3M-CAST        2018-093B  2018 11 18 00 00 00                       1061.0     0
C38  220  BEIDOU-3I             2019-023A  2019 04 20 00 00 00                       2952.0     0
C39  221  BEIDOU-3I             2019-035A  2019 06 24 00 00 00                       2949.0     0
C40  224  BEIDOU-3I             2019-073A  2019 11 04 00 00 00                       2870.0     0
C41  227  BEIDOU-3M-CAST        2019-090A  2019 12 16 00 00 00                       1059.0     0
C42  228  BEIDOU-3M-CAST        2019-090B  2019 12 16 00 00 00                       1059.0     0
C43  226  BEIDOU-3M-SECM        2019-078B  2019 11 23 00 00 00                       1078.8     0
C44  225  BEIDOU-3M-SECM        2019-078A  2019 11 23 00 00 00                       1075.4     0
C45  223  BEIDOU-3M-CAST        2019-061B  2019 09 22 00 00 00                       1059.0     0
C46  222  BEIDOU-3M-CAST        2019-061A  2019 09 22 00 00 00                       1058.0     0
C47  201  BEIDOU-3M-CAST        2017-069A  2018 06 13 00 00 00  2018 11 14 23 59 59   943.0     0
C48  204  BEIDOU-3M-SECM        2018-003B  2018 06 12 00 00 00  2018 12 19 23 59 59  1014.4     0
C59  217  BEIDOU-3G-CAST        2018-085A  2018 11 01 00 00 00                       2968.0     0
C60  229  BEIDOU-3G-CAST        2020-017A  2020 03 09 00 00 00                       2968.0     0
C61  230  BEIDOU-3G-CAST        2020-040A  2020 06 23 00 00 00                       2968.0     0
C33  102  BEIDOU-3MS-CAST       2015-037B  2015 07 30 00 00 00  2018 06 13 23 59 59   943.0     0
C19  102  BEIDOU-3MS-CAST       2015-037B  2018 06 14 00 00 00  2018 11 11 23 59 59   943.0     0
C57  102  BEIDOU-3MS-CAST       2015-037B  2018 11 12 00 00 00                        943.0     0
C34  103  BEIDOU-3MS-CAST       2015-037A  2015 07 30 00 00 00  2018 06 11 23 59 59   943.0     0
C28  103  BEIDOU-3MS-CAST       2015-037A  2018 06 12 00 00 00  2018 12 19 23 59 59   943.0     0
C58  103  BEIDOU-3MS-CAST       2015-037A  2018 12 20 00 00 00                        943.0     0
C35  105  BEIDOU-3MS-SECM       2016-006A  2016 02 01 00 00 00  2018 10 14 23 59 59  1000.0     0
C31  101  BEIDOU-3IS-SECM       2015-019A  2015 03 30 00 00 00  2018 04 23 23 59 59   848.0     0
C16  101  BEIDOU-3IS-SECM       2015-019A  2018 04 24 00 00 00  2018 07 09 23 59 59   848.0     0
C31  101  BEIDOU-3IS-SECM       2015-019A  2018 07 10 00 00 00                        848.0     0
C32  104  BEIDOU-3IS-SECM       2015-053A  2015 09 29 00 00 00  2018 06 06 23 59 59  2800.0     0
C18  104  BEIDOU-3IS-SECM       2015-053A  2018 06 07 00 00 00  2019 04 24 23 59 59  2800.0     0
C56  104  BEIDOU-3IS-SECM       2015-053A  2019 04 25 00 00 00                       2800.0     0
J01  QS1  QZSS                  2010-045A  2010 09 11 00 00 00                       2281.0     0
J02  QS2  QZSS-2I               2017-028A  2017 06 01 00 00 00                       2324.2     0
J07  QS3  QZSS-2G               2017-048A  2017 08 19 00 00 00                       2715.3     0
J03  QS4  QZSS-2I               2017-062A  2017 10 09 00 00 00                       2360.0     0
I01  I01  IRNSS-1IGSO           2013-034A  2013 07 01 00 00 00                       1425.0     0
I02  I02  IRNSS-1IGSO           2014-017A  2014 04 04 00 00 00                       1425.0     0
I03  I03  IRNSS-1GEO            2014-061A  2014 10 15 00 00 00                       1425.0     0
I04  I04  IRNSS-1IGSO           2015-018A  2015 03 08 00 00 00                       1425.0     0
I05  I05  IRNSS-1IGSO           2016-003A  2016 01 20 00 00 00                       1425.0     0
I06  I06  IRNSS-1GEO            2016-015A  2016 03 10 00 00 00                       1425.0     0
I07  I07  IRNSS-1GEO            2016-027A  2016 04 28 00 00 00                       1425.0     0
I09  I09  IRNSS-1IGSO           2018-035A  2018 04 11 00 00 00                       1425.0     0
L01  FY3  FENGYUN3              2013-052A  2013 09 23 00 00 00                       2405.7     0
L02  HY2  HAIYANG2A             2011-043A  2011 08 15 00 00 00                       1543.0     0
L03  ZY3  ZIYUAN3A              2012-001A  2012 01 09 00 00 00                       2102.3     0
L04  TD1  TECHDEMSAT1           2014-037H  2014 07 08 00 00 00                        156.7     0
L05  GF3  GAOFEN3A              2016-049A  2016 08 09 00 00 00                       2771.9     0
L06  GCA  GRACEA                2002-012A  2002 03 17 00 00 00                        487.2     0
L07  GCB  GRACEB                2002-012B  2002 03 17 00 00 00                        487.2     0
L11  CHP  CHAMP                 2000-039B  2000 07 15 00 00 00                        500.0     0
L12  GOC  GOCE                  2009-013A  2009 03 17 00 00 00                       1100.0     0
L13  S1A  SENTINEL              2014-016A  2014 04 03 00 00 00                       2280.0     0
L14  S1B  SENTINEL              2016-025A  2016 04 25 00 00 00                       2280.0     0
L15  S2A  SENTINEL              2015-028A  2015 06 23 00 00 00                       1140.0     0
L16  S2B  SENTINEL              2017-013A  2017 03 07 00 00 00                       1140.0     0
L17  S3A  SENTINEL              2016-011A  2016 02 16 00 00 00                       1250.0     0
L18  S5P  SENTINEL              2017-064A  2017 10 13 00 00 00                        820.0     0
L47  SMA  SWARMA                2013-067B  2013 11 22 00 00 00  2013 12 20 23 59 59   472.0     0
L47  SMA  SWARMA                2013-067B  2013 12 21 00 00 00  2014 01 22 23 59 59   471.3     0
L47  SMA  SWARMA                2013-067B  2014 01 23 00 00 00  2014 01 27 23 59 59   470.0     0
L47  SMA  SWARMA                2013-067B  2014 01 28 00 00 00  2014 01 28 23 59 59   467.8     0
L47  SMA  SWARMA                2013-067B  2014 01 29 00 00 00  2014 01 29 23 59 59   460.7     0
L47  SMA  SWARMA                2013-067B  2014 01 30 00 00 00  2014 02 04 23 59 59   457.4     0
L47  SMA  SWARMA                2013-067B  2014 02 05 00 00 00  2014 02 05 23 59 59   448.5     0
L47  SMA  SWARMA                2013-067B  2014 02 06 00 00 00  2014 02 17 23 59 59   443.4     0
L47  SMA  SWARMA                2013-067B  2014 02 18 00 00 00  2014 02 18 23 59 59   440.5     0
L47  SMA  SWARMA                2013-067B  2014 02 19 00 00 00  2014 05 15 23 59 59   434.7     0
L47  SMA  SWARMA                2013-067B  2014 05 16 00 00 00  2015 10 06 23 59 59   434.0     0
L47  SMA  SWARMA                2013-067B  2014 10 07 00 00 00  2016 12 03 23 59 59   433.7     0
L47  SMA  SWARMA                2013-067B  2016 12 04 00 00 00                        432.4     0
L48  SMB  SWARMB                2013-067A  2013 11 22 00 00 00  2013 12 18 23 59 59   472.0     0
L48  SMB  SWARMB                2013-067A  2013 12 19 00 00 00  2014 02 27 23 59 59   470.9     0
L48  SMB  SWARMB                2013-067A  2014 02 28 00 00 00  2014 03 11 23 59 59   450.4     0
L48  SMB  SWARMB                2013-067A  2014 03 12 00 00 00  2014 03 12 23 59 59   443.6     0
L48  SMB  SWARMB                2013-067A  2014 03 13 00 00 00  2015 08 06 23 59 59   433.9     0
L48  SMB  SWARMB                2013-067A  2015 08 07 00 00 00  2017 02 09 23 59 59   433.0     0
L48  SMB  SWARMB                2013-067A  2017 02 10 00 00 00                        432.4     0
L49  SMC  SWARMC                2013-067C  2013 11 22 00 00 00  2014 01 23 23 59 59   472.0     0
L49  SMC  SWARMC                2013-067C  2014 01 24 00 00 00  2014 03 03 23 59 59   470.9     0
L49  SMC  SWARMC                2013-067C  2014 03 04 00 00 00  2014 03 04 23 59 59   470.4     0
L49  SMC  SWARMC                2013-067C  2014 03 05 00 00 00  2014 03 24 23 59 59   458.5     0
L49  SMC  SWARMC                2013-067C  2014 03 25 00 00 00  2014 03 25 23 59 59   457.0     0
L49  SMC  SWARMC                2013-067C  2014 03 26 00 00 00  2014 04 08 23 59 59   447.4     0
L49  SMC  SWARMC                2013-067C  2014 04 09 00 00 00  2014 04 09 23 59 59   442.6     0
L49  SMC  SWARMC                2013-067C  2014 04 10 00 00 00  2014 04 10 23 59 59   437.9     0
L49  SMC  SWARMC                2013-067C  2014 04 11 00 00 00  2014 04 17 23 59 59   434.9     0
L49  SMC  SWARMC                2013-067C  2014 04 18 00 00 00  2015 06 27 23 59 59   433.9     0
L49  SMC  SWARMC                2013-067C  2015 06 28 00 00 00  2016 09 12 23 59 59   433.0     0
L49  SMC  SWARMC                2013-067C  2016 09 14 00 00 00                        432.4     0



PART 2: ON-BOARD SENSORS
(A3,2X,A3,3X,I4,5(1X,I2),2X,I4,5(1X,I2),3X,3F10.4,3X,3F8.4,3X,3F8.4)
--------------------------------------------------
                START TIME           END TIME                 SENSOR OFFSETS (M)       SENSOR BORESIGHT VECTOR (U) SENSOR AZIMUTH VECTOR (N)
PRN  TYPE  YYYY MM DD HH MM SS  YYYY MM DD HH MM SS         DX        DY        DZ         X       Y       Z          X       Y       Z
G01  SLR   1992 11 22  0  0  0  2008 10 16 23 59 59       0.0000    0.0000    0.0000     0.0000  0.0000  1.0000     1.0000  0.0000  0.0000
G01  SLR   2008 10 23  0  0  0  2009 01 06 23 59 59       0.0000    0.0000    0.0000     0.0000  0.0000  1.0000     1.0000  0.0000  0.0000
G01  SLR   2009  3 24  0  0  0  2011 05 06 23 59 59       0.0000    0.0000    0.0000     0.0000  0.0000  1.0000     1.0000  0.0000  0.0000
G01  SLR   2011  6  2  0  0  0  2011 07 12 23 59 59       0.8626   -0.5245    0.6695     0.0000  0.0000  1.0000     1.0000  0.0000  0.0000
G01  SLR   2011 07 16 00 00 00                            0.0000    0.0000    0.0000     0.0000  0.0000  1.0000     1.0000  0.0000  0.0000
G02  SLR   1989  6 10  0  0  0  2004 05 12 23 59 59       0.0000    0.0000    0.0000     0.0000  0.0000  1.0000     1.0000  0.0000  0.0000
G02  SLR   2004 11 06 00 00 00                            0.0000    0.0000    0.0000     0.0000  0.0000  1.0000     1.0000  0.0000  0.0000
G03  SLR   1985 10  9  0  0  0  1994 04 13 23 59 59       0.0000    0.0000    0.0000     0.0000  0.0000  1.0000     1.0000  0.0000  0.0000
G03  SLR   1996  3 28  0  0  0  2014 08 18 23 59 59       0.0000    0.0000    0.0000     0.0000  0.0000  1.0000     1.0000  0.0000  0.0000
G03  SLR   2014  9  5  0  0  0  2014 10 20 23 59 59       0.8626   -0.5245    0.6695     0.0000  0.0000  1.0000     1.0000  0.0000  0.0000
G03  SLR   2014 10 29 00 00 00                            0.0000    0.0000    0.0000     0.0000  0.0000  1.0000     1.0000  0.0000  0.0000
G04  SLR   1978  2 22  0  0  0  1985 07 17 23 59 59       0.0000    0.0000    0.0000     0.0000  0.0000  1.0000     1.0000  0.0000  0.0000
G04  SLR   1993 10 26  0  0  0  2015 11 09 23 59 59       0.0000    0.0000    0.0000     0.0000  0.0000  1.0000     1.0000  0.0000  0.0000
G04  SLR   2016  2  2  0  0  0  2016 09 13 23 59 59       0.0000    0.0000    0.0000     0.0000  0.0000  1.0000     1.0000  0.0000  0.0000
G04  SLR   2016  9 15  0  0  0  2016 12 05 23 59 59       0.0000    0.0000    0.0000     0.0000  0.0000  1.0000     1.0000  0.0000  0.0000
G04  SLR   2016 12  9  0  0  0  2017 01 03 23 59 59       0.0000    0.0000    0.0000     0.0000  0.0000  1.0000     1.0000  0.0000  0.0000
G04  SLR   2017  1  6  0  0  0  2017 05 12 23 59 59       0.0000    0.0000    0.0000     0.0000  0.0000  1.0000     1.0000  0.0000  0.0000
G04  SLR   2017  5 19  0  0  0  2017 07 14 23 59 59       0.0000    0.0000    0.0000     0.0000  0.0000  1.0000     1.0000  0.0000  0.0000
G04  SLR   2017  7 20  0  0  0  2017 11 28 23 59 59       0.8626   -0.5245    0.6717     0.0000  0.0000  1.0000     1.0000  0.0000  0.0000
G04  SLR   2017 12  1  0  0  0  2018 09 28 23 59 59       0.0000    0.0000    0.0000     0.0000  0.0000  1.0000     1.0000  0.0000  0.0000
G04  SLR   2018 10 10  0  0  0  2019 01 02 23 59 59       0.8626   -0.5245    0.6717     0.0000  0.0000  1.0000     1.0000  0.0000  0.0000
G04  SLR   2019  1  9  0  0  0  2019 07 12 23 59 59       0.0000    0.0000    0.0000     0.0000  0.0000  1.0000     1.0000  0.0000  0.0000
G04  SLR   2019  7 13  0  0  0  2019 10 08 23 59 59       0.8626   -0.5245    0.6717     0.0000  0.0000  1.0000     1.0000  0.0000  0.0000
G04  SLR   2019 10 21 00 00 00                            0.0000    0.0000    0.0000     0.0000  0.0000  1.0000     1.0000  0.0000  0.0000
G05  SLR   1980  2  9  0  0  0  1984 05 11 23 59 59       0.0000    0.0000    0.0000     0.0000  0.0000  1.0000     1.0000  0.0000  0.0000
G05  SLR   1993  8 30  0  0  0  2009 06 08 23 59 59       0.8626   -0.5245    0.6695     0.0000  0.0000  1.0000     1.0000  0.0000  0.0000
G05  SLR   2009 08 17 00 00 00                            0.0000    0.0000    0.0000     0.0000  0.0000  1.0000     1.0000  0.0000  0.0000
G06  SLR   1978 10  6  0  0  0  1992 05 18 23 59 59       0.0000    0.0000    0.0000     0.0000  0.0000  1.0000     1.0000  0.0000  0.0000
G06  SLR   1994  3 10  0  0  0  2014 03 03 23 59 59       0.8626   -0.5245    0.6717     0.0000  0.0000  1.0000     1.0000  0.0000  0.0000
G06  SLR   2014  4  3  0  0  0  2014 05 05 23 59 59       0.0000    0.0000    0.0000     0.0000  0.0000  1.0000     1.0000  0.0000  0.0000
G06  SLR   2014 05 17 00 00 00                            0.0000    0.0000    0.0000     0.0000  0.0000  1.0000     1.0000  0.0000  0.0000
G07  SLR   1978  5 13  0  0  0  1988 02 12 23 59 59       0.0000    0.0000    0.0000     0.0000  0.0000  1.0000     1.0000  0.0000  0.0000
G07  SLR   1993  5 13  0  0  0  2008 01 14 23 59 59       0.0000    0.0000    0.0000     0.0000  0.0000  1.0000     1.0000  0.0000  0.0000
G07  SLR   2008 03 15 00 00 00                            0.0000    0.0000    0.0000     0.0000  0.0000  1.0000     1.0000  0.0000  0.0000
G08  SLR   1978 12 10  0  0  0  1989 10 14 23 59 59       0.0000    0.0000    0.0000     0.0000  0.0000  1.0000     1.0000  0.0000  0.0000
G08  SLR   1997 11  6  0  0  0  2015 04 13 23 59 59       0.0000    0.0000    0.0000     0.0000  0.0000  1.0000     1.0000  0.0000  0.0000
G08  SLR   2015  4 30  0  0  0  2015 07 01 23 59 59       0.0000    0.0000    0.0000     0.0000  0.0000  1.0000     1.0000  0.0000  0.0000
G08  SLR   2015 07 15 00 00 00                            0.0000    0.0000    0.0000     0.0000  0.0000  1.0000     1.0000  0.0000  0.0000
G09  SLR   1980  4 26  0  0  0  1991 03 06 23 59 59       0.0000    0.0000    0.0000     0.0000  0.0000  1.0000     1.0000  0.0000  0.0000
G09  SLR   1993  6 26  0  0  0  2014 07 21 23 59 59       0.0000    0.0000    0.0000     0.0000  0.0000  1.0000     1.0000  0.0000  0.0000
G09  SLR   2014 08 02 00 00 00                            0.0000    0.0000    0.0000     0.0000  0.0000  1.0000     1.0000  0.0000  0.0000
G10  SLR   1996  7 16  0  0  0  2015 08 03 23 59 59       0.0000    0.0000    0.0000     0.0000  0.0000  1.0000     1.0000  0.0000  0.0000
G10  SLR   2015  9 16  0  0  0  2015 10 26 23 59 59       0.8626   -0.5245    0.6717     0.0000  0.0000  1.0000     1.0000  0.0000  0.0000
G10  SLR   2015 10 31 00 00 00                            0.0000    0.0000    0.0000     0.0000  0.0000  1.0000     1.0000  0.0000  0.0000
G11  SLR   1983  7 14  0  0  0  1993 05 04 23 59 59       0.0000    0.0000    0.0000     0.0000  0.0000  1.0000     1.0000  0.0000  0.0000
G11  SLR   1999 10  7  0  0  0  2021 04 09 23 59 59       0.0000    0.0000    0.0000     0.0000  0.0000  1.0000     1.0000  0.0000  0.0000
G11  SLR   2021 06 17 00 00 00                            0.0000    0.0000    0.0000     0.0000  0.0000  1.0000     1.0000  0.0000  0.0000
G12  SLR   1984  9  8  0  0  0  1996 03 27 23 59 59       0.0000    0.0000    0.0000     0.0000  0.0000  1.0000     1.0000  0.0000  0.0000
G12  SLR   2006 11 17 00 00 00                            0.0000    0.0000    0.0000     0.0000  0.0000  1.0000     1.0000  0.0000  0.0000
G13  SLR   1984  6 13  0  0  0  1994 06 20 23 59 59       0.0000    0.0000    0.0000     0.0000  0.0000  1.0000     1.0000  0.0000  0.0000
G13  SLR   1997 07 23 00 00 00                            0.0000    0.0000    0.0000     0.0000  0.0000  1.0000     1.0000  0.0000  0.0000
G14  SLR   1989  2 14  0  0  0  2000 04 15 23 59 59       0.0000    0.0000    0.0000     0.0000  0.0000  1.0000     1.0000  0.0000  0.0000
G14  SLR   2000 11 10  0  0  0  2020 07 27 23 59 59       0.0000    0.0000    0.0000     0.0000  0.0000  1.0000     1.0000  0.0000  0.0000
G14  SLR   2020 11 05 00 00 00                            0.0000    0.0000    0.0000     0.0000  0.0000  1.0000     1.0000  0.0000  0.0000
G15  SLR   1990 10  1  0  0  0  2007 03 13 23 59 59       0.0000    0.0000    0.0000     0.0000  0.0000  1.0000     1.0000  0.0000  0.0000
G15  SLR   2007 10 17 00 00 00                            0.0000    0.0000    0.0000     0.0000  0.0000  1.0000     1.0000  0.0000  0.0000
G16  SLR   1989  8 18  0  0  0  2000 10 13 23 59 59       0.0000    0.0000    0.0000     0.0000  0.0000  1.0000     1.0000  0.0000  0.0000
G16  SLR   2003 01 29 00 00 00                            0.0000    0.0000    0.0000     0.0000  0.0000  1.0000     1.0000  0.0000  0.0000
G17  SLR   1989 12 11  0  0  0  2005 02 23 23 59 59       0.0000    0.0000    0.0000     0.0000  0.0000  1.0000     1.0000  0.0000  0.0000
G17  SLR   2005 09 26 00 00 00                            0.0000    0.0000    0.0000     0.0000  0.0000  1.0000     1.0000  0.0000  0.0000
G18  SLR   1990  1 24  0  0  0  2000 08 18 23 59 59       0.0000    0.0000    0.0000     0.0000  0.0000  1.0000     1.0000  0.0000  0.0000
G18  SLR   2001  1 30  0  0  0  2018 01 23 23 59 59       0.0000    0.0000    0.0000     0.0000  0.0000  1.0000     1.0000  0.0000  0.0000
G18  SLR   2018  1 24  0  0  0  2020 03 09 23 59 59       0.0000    0.0000    0.0000     0.0000  0.0000  1.0000     1.0000  0.0000  0.0000
G18  SLR   2020 03 13 00 00 00                            0.0000    0.0000    0.0000     0.0000  0.0000  1.0000     1.0000  0.0000  0.0000
G19  SLR   1989 10 21  0  0  0  2001 09 11 23 59 59       0.0000    0.0000    0.0000     0.0000  0.0000  1.0000     1.0000  0.0000  0.0000
G19  SLR   2004 03 20 00 00 00                            0.0000    0.0000    0.0000     0.0000  0.0000  1.0000     1.0000  0.0000  0.0000
G20  SLR   1990  3 26  0  0  0  1996 12 13 23 59 59       0.0000    0.0000    0.0000     0.0000  0.0000  1.0000     1.0000  0.0000  0.0000
G20  SLR   2000 05 11 00 00 00                            0.0000    0.0000    0.0000     0.0000  0.0000  1.0000     1.0000  0.0000  0.0000
G21  SLR   1990  8  2  0  0  0  2003 01 27 23 59 59       0.0000    0.0000    0.0000     0.0000  0.0000  1.0000     1.0000  0.0000  0.0000
G21  SLR   2003 03 31 00 00 00                            0.0000    0.0000    0.0000     0.0000  0.0000  1.0000     1.0000  0.0000  0.0000
G22  SLR   1993  2  3  0  0  0  2003 08 06 23 59 59       0.0000    0.0000    0.0000     0.0000  0.0000  1.0000     1.0000  0.0000  0.0000
G22  SLR   2003 12 21  0  0  0  2022 01 18 23 59 59       0.0000    0.0000    0.0000     0.0000  0.0000  1.0000     1.0000  0.0000  0.0000
G22  SLR   2022 01 20 00 00 00                            0.0000    0.0000    0.0000     0.0000  0.0000  1.0000     1.0000  0.0000  0.0000
G23  SLR   1990 11 26  0  0  0  2004 02 16 23 59 59       0.0000    0.0000    0.0000     0.0000  0.0000  1.0000     1.0000  0.0000  0.0000
G23  SLR   2004  6 23  0  0  0  2020 06 09 23 59 59       0.0000    0.0000    0.0000     0.0000  0.0000  1.0000     1.0000  0.0000  0.0000
G23  SLR   2020 07 14 00 00 00                            0.0000    0.0000    0.0000     0.0000  0.0000  1.0000     1.0000  0.0000  0.0000
G24  SLR   1991  7  4  0  0  0  2011 09 30 23 59 59       0.0000    0.0000    0.0000     0.0000  0.0000  1.0000     1.0000  0.0000  0.0000
G24  SLR   2012  2  2  0  0  0  2012 03 14 23 59 59       0.0000    0.0000    0.0000     0.0000  0.0000  1.0000     1.0000  0.0000  0.0000
G24  SLR   2012  3 15  0  0  0  2012 04 25 23 59 59       0.0000    0.0000    0.0000     0.0000  0.0000  1.0000     1.0000  0.0000  0.0000
G24  SLR   2012  4 26  0  0  0  2012 05 30 23 59 59       0.0000    0.0000    0.0000     0.0000  0.0000  1.0000     1.0000  0.0000  0.0000
G24  SLR   2012  8  9  0  0  0  2012 08 22 23 59 59       0.0000    0.0000    0.0000     0.0000  0.0000  1.0000     1.0000  0.0000  0.0000
G24  SLR   2012 10 04 00 00 00                            0.0000    0.0000    0.0000     0.0000  0.0000  1.0000     1.0000  0.0000  0.0000
G25  SLR   1992  2 23  0  0  0  2010 02 08 23 59 59       0.0000    0.0000    0.0000     0.0000  0.0000  1.0000     1.0000  0.0000  0.0000
G25  SLR   2010  2  9  0  0  0  2010 05 27 23 59 59       0.8626   -0.5245    0.6695     0.0000  0.0000  1.0000     1.0000  0.0000  0.0000
G25  SLR   2010 05 28 00 00 00                            0.0000    0.0000    0.0000     0.0000  0.0000  1.0000     1.0000  0.0000  0.0000
G26  SLR   1992  7  7  0  0  0  2015 01 05 23 59 59       0.0000    0.0000    0.0000     0.0000  0.0000  1.0000     1.0000  0.0000  0.0000
G26  SLR   2015  2  5  0  0  0  2015 02 24 23 59 59       0.0000    0.0000    0.0000     0.0000  0.0000  1.0000     1.0000  0.0000  0.0000
G26  SLR   2015  2 27  0  0  0  2015 03 16 23 59 59       0.0000    0.0000    0.0000     0.0000  0.0000  1.0000     1.0000  0.0000  0.0000
G26  SLR   2015 03 25 00 00 00                            0.0000    0.0000    0.0000     0.0000  0.0000  1.0000     1.0000  0.0000  0.0000
G27  SLR   1992  9  9  0  0  0  2012 10 17 23 59 59       0.0000    0.0000    0.0000     0.0000  0.0000  1.0000     1.0000  0.0000  0.0000
G27  SLR   2012 10 18  0  0  0  2013 05 09 23 59 59       0.0000    0.0000    0.0000     0.0000  0.0000  1.0000     1.0000  0.0000  0.0000
G27  SLR   2013 05 15 00 00 00                            0.0000    0.0000    0.0000     0.0000  0.0000  1.0000     1.0000  0.0000  0.0000
G28  SLR   1992  4 10  0  0  0  1997 08 15 23 59 59       0.0000    0.0000    0.0000     0.0000  0.0000  1.0000     1.0000  0.0000  0.0000
G28  SLR   2000  7 16  0  0  0  2022 10 25 23 59 59       0.0000    0.0000    0.0000     0.0000  0.0000  1.0000     1.0000  0.0000  0.0000
G28  SLR   2022 10 26  0  0  0  2022 11 02 23 59 59       0.0000    0.0000    0.0000     0.0000  0.0000  1.0000     1.0000  0.0000  0.0000
G28  SLR   2023 01 31 00 00 00                            0.0000    0.0000    0.0000     0.0000  0.0000  1.0000     1.0000  0.0000  0.0000
G29  SLR   1992 12 18  0  0  0  2007 10 23 23 59 59       0.0000    0.0000    0.0000     0.0000  0.0000  1.0000     1.0000  0.0000  0.0000
G29  SLR   2007 12 20 00 00 00                            0.0000    0.0000    0.0000     0.0000  0.0000  1.0000     1.0000  0.0000  0.0000
G30  SLR   1996  9 12  0  0  0  2011 08 04 23 59 59       0.0000    0.0000    0.0000     0.0000  0.0000  1.0000     1.0000  0.0000  0.0000
G30  SLR   2011  8  5  0  0  0  2013 05 06 23 59 59       0.8626   -0.5245    0.6695     0.0000  0.0000  1.0000     1.0000  0.0000  0.0000
G30  SLR   2013  5 10  0  0  0  2013 08 21 23 59 59       0.0000    0.0000    0.0000     0.0000  0.0000  1.0000     1.0000  0.0000  0.0000
G30  SLR   2013  8 22  0  0  0  2013 09 16 23 59 59       0.0000    0.0000    0.0000     0.0000  0.0000  1.0000     1.0000  0.0000  0.0000
G30  SLR   2013  9 19  0  0  0  2013 10 07 23 59 59       0.0000    0.0000    0.0000     0.0000  0.0000  1.0000     1.0000  0.0000  0.0000
G30  SLR   2013 12  3  0  0  0  2013 12 17 23 59 59       0.0000    0.0000    0.0000     0.0000  0.0000  1.0000     1.0000  0.0000  0.0000
G30  SLR   2013 12 19  0  0  0  2014 02 10 23 59 59       0.0000    0.0000    0.0000     0.0000  0.0000  1.0000     1.0000  0.0000  0.0000
G30  SLR   2014 02 21 00 00 00                            0.0000    0.0000    0.0000     0.0000  0.0000  1.0000     1.0000  0.0000  0.0000
G31  SLR   1993  3 30  0  0  0  2005 10 24 23 59 59       0.0000    0.0000    0.0000     0.0000  0.0000  1.0000     1.0000  0.0000  0.0000
G31  SLR   2006 09 25 00 00 00                            0.0000    0.0000    0.0000     0.0000  0.0000  1.0000     1.0000  0.0000  0.0000
G32  SLR   2006 12  2  0  0  0  2016 01 25 23 59 59       0.0000    0.0000    0.0000     0.0000  0.0000  1.0000     1.0000  0.0000  0.0000
G32  SLR   2016 02 05 00 00 00                            0.0000    0.0000    0.0000     0.0000  0.0000  1.0000     1.0000  0.0000  0.0000
R01  SLR   1996  1  1  0  0  0  1996 12 21 23 59 59       0.0000    0.0000    1.5545     0.0000  0.0000  1.0000     1.0000  0.0000  0.0000
R01  SLR   1998 12 30  0  0  0  2004 12 25 23 59 59       0.0000    0.0000    1.5545     0.0000  0.0000  1.0000     1.0000  0.0000  0.0000
R01  SLR   2004 12 26  0  0  0  2009 12 13 23 59 59       0.0000    0.0000    1.5545     0.0000  0.0000  1.0000     1.0000  0.0000  0.0000
R01  SLR   2009 12 14 00 00 00                            0.1370   -0.0030    1.8735     0.0000  0.0000  1.0000     1.0000  0.0000  0.0000
R02  SLR   1996  1  1  0  0  0  1997 08 23 23 59 59       0.0000    0.0000    1.5545     0.0000  0.0000  1.0000     1.0000  0.0000  0.0000
R02  SLR   2003 12 10  0  0  0  2008 12 24 23 59 59       0.0000    0.0000    1.5545     0.0000  0.0000  1.0000     1.0000  0.0000  0.0000
R02  SLR   2008 12 25  0  0  0  2013 06 30 23 59 59       0.1370   -0.0030    1.8735     0.0000  0.0000  1.0000     1.0000  0.0000  0.0000
R02  SLR   2013 07 01 00 00 00                            0.1370   -0.0030    1.8735     0.0000  0.0000  1.0000     1.0000  0.0000  0.0000
R03  SLR   1994 11 20  0  0  0  2001 11 30 23 59 59       0.0000    0.0000    1.5545     0.0000  0.0000  1.0000     1.0000  0.0000  0.0000
R03  SLR   2001 12  1  0  0  0  2008 12 24 23 59 59       0.0000    0.0000    1.5545     0.0000  0.0000  1.0000     1.0000  0.0000  0.0000
R03  SLR   2008 12 25  0  0  0  2010 09 30 23 59 59       0.1370   -0.0030    1.8735     0.0000  0.0000  1.0000     1.0000  0.0000  0.0000
R03  SLR   2010 10  1  0  0  0  2010 12 15 23 59 59       0.1370   -0.0030    1.8735     0.0000  0.0000  1.0000     1.0000  0.0000  0.0000
R03  SLR   2010 12 16  0  0  0  2011 03 10 23 59 59       0.1370   -0.0030    1.8735     0.0000  0.0000  1.0000     1.0000  0.0000  0.0000
R03  SLR   2011  3 11  0  0  0  2011 10 12 23 59 59       0.1370   -0.0030    1.8735     0.0000  0.0000  1.0000     1.0000  0.0000  0.0000
R03  SLR   2011 10 13  0  0  0  2011 11 30 23 59 59       0.0000    0.0000    1.4700     0.0000  0.0000  1.0000     1.0000  0.0000  0.0000
R03  SLR   2011 12 01 00 00 00                            0.1370   -0.0030    1.8735     0.0000  0.0000  1.0000     1.0000  0.0000  0.0000
R04  SLR   1994 11 20  0  0  0  1999 11 19 23 59 59       0.0000    0.0000    1.5545     0.0000  0.0000  1.0000     1.0000  0.0000  0.0000
R04  SLR   2003 12 10  0  0  0  2009 12 13 23 59 59       0.0000    0.0000    1.5545     0.0000  0.0000  1.0000     1.0000  0.0000  0.0000
R04  SLR   2009 12 14  0  0  0  2010 09 30 23 59 59       0.1370   -0.0030    1.8735     0.0000  0.0000  1.0000     1.0000  0.0000  0.0000
R04  SLR   2010 10  1  0  0  0  2010 12 15 23 59 59       0.1370   -0.0030    1.8735     0.0000  0.0000  1.0000     1.0000  0.0000  0.0000
R04  SLR   2011  2 26  0  0  0  2011 10 10 23 59 59       0.0000    0.0000    1.4700     0.0000  0.0000  1.0000     1.0000  0.0000  0.0000
R04  SLR   2011 10 13  0  0  0  2019 08 25 23 59 59       0.1370   -0.0030    1.8735     0.0000  0.0000  1.0000     1.0000  0.0000  0.0000
R04  SLR   2019 12 27 00 00 00                            0.1370   -0.0030    1.8735     0.0000  0.0000  1.0000     1.0000  0.0000  0.0000
R05  SLR   2001 12  1  0  0  0  2009 12 13 23 59 59       0.0000    0.0000    1.5220     0.0000  0.0000  1.0000     1.0000  0.0000  0.0000
R05  SLR   2009 12 14  0  0  0  2018 08 11 23 59 59       0.1370   -0.0030    1.8735     0.0000  0.0000  1.0000     1.0000  0.0000  0.0000
R05  SLR   2018 08 22 00 00 00                            0.1370   -0.0030    1.8735     0.0000  0.0000  1.0000     1.0000  0.0000  0.0000
R06  SLR   1994 11 20  0  0  0  2001 11 30 23 59 59       0.0000    0.0000    1.5545     0.0000  0.0000  1.0000     1.0000  0.0000  0.0000
R06  SLR   2001 12  1  0  0  0  2003 12 09 23 59 59       0.0000    0.0000    1.5545     0.0000  0.0000  1.0000     1.0000  0.0000  0.0000
R06  SLR   2003 12 10  0  0  0  2010 04 27 23 59 59       0.1370   -0.0030    1.8735     0.0000  0.0000  1.0000     1.0000  0.0000  0.0000
R06  SLR   2010  4 28  0  0  0  2010 09 30 23 59 59       0.1370   -0.0030    1.8735     0.0000  0.0000  1.0000     1.0000  0.0000  0.0000
R06  SLR   2010 10 01 00 00 00                            0.1370   -0.0030    1.8735     0.0000  0.0000  1.0000     1.0000  0.0000  0.0000
R07  SLR   1996  1  1  0  0  0  1997 08 04 23 59 59       0.0000    0.0000    1.5545     0.0000  0.0000  1.0000     1.0000  0.0000  0.0000
R07  SLR   1998 12 30  0  0  0  2004 12 25 23 59 59       0.0000    0.0000    1.5545     0.0000  0.0000  1.0000     1.0000  0.0000  0.0000
R07  SLR   2004 12 26  0  0  0  2011 12 14 23 59 59       0.1370   -0.0030    1.8735     0.0000  0.0000  1.0000     1.0000  0.0000  0.0000
R07  SLR   2011 12 15 00 00 00                            0.1370   -0.0030    1.8735     0.0000  0.0000  1.0000     1.0000  0.0000  0.0000
R08  SLR   1996  1  1  0  0  0  1997 06 25 23 59 59       0.0000    0.0000    1.5545     0.0000  0.0000  1.0000     1.0000  0.0000  0.0000
R08  SLR   1998 12 30  0  0  0  2004 12 25 23 59 59       0.0000    0.0000    1.5545     0.0000  0.0000  1.0000     1.0000  0.0000  0.0000
R08  SLR   2004 12 26  0  0  0  2008 12 24 23 59 59       0.0000    0.0000    1.5545     0.0000  0.0000  1.0000     1.0000  0.0000  0.0000
R08  SLR   2008 12 25  0  0  0  2012 09 12 23 59 59       0.1370   -0.0030    1.8735     0.0000  0.0000  1.0000     1.0000  0.0000  0.0000
R08  SLR   2012  9 17  0  0  0  2012 10 17 23 59 59       0.1370   -0.0030    1.8735     0.0000  0.0000  1.0000     1.0000  0.0000  0.0000
R08  SLR   2012 10 18  0  0  0  2012 12 21 23 59 59       0.1370   -0.0030    1.8735     0.0000  0.0000  1.0000     1.0000  0.0000  0.0000
R08  SLR   2012 12 22  0  0  0  2013 01 05 23 59 59       0.1370   -0.0030    1.8735     0.0000  0.0000  1.0000     1.0000  0.0000  0.0000
R08  SLR   2013  1  6  0  0  0  2013 02 22 23 59 59       0.0000    0.0000    1.4700     0.0000  0.0000  1.0000     1.0000  0.0000  0.0000
R08  SLR   2013 02 23 00 00 00                            0.1370   -0.0030    1.8735     0.0000  0.0000  1.0000     1.0000  0.0000  0.0000
R09  SLR   1995 12 14  0  0  0  2007 12 24 23 59 59       0.0000    0.0000    1.5545     0.0000  0.0000  1.0000     1.0000  0.0000  0.0000
R09  SLR   2007 12 25  0  0  0  2010 09 30 23 59 59       0.1370   -0.0030    1.8735     0.0000  0.0000  1.0000     1.0000  0.0000  0.0000
R09  SLR   2010 10  1  0  0  0  2016 02 15 23 59 59       0.1370   -0.0030    1.8735     0.0000  0.0000  1.0000     1.0000  0.0000  0.0000
R09  SLR   2016 02 16 00 00 00                            0.0000    0.0000    1.4700     0.0000  0.0000  1.0000     1.0000  0.0000  0.0000
R10  SLR   1995  7 24  0  0  0  2006 12 24 23 59 59       0.0000    0.0000    1.5545     0.0000  0.0000  1.0000     1.0000  0.0000  0.0000
R10  SLR   2006 12 25  0  0  0  2019 08 01 23 59 59       0.1370   -0.0030    1.8735     0.0000  0.0000  1.0000     1.0000  0.0000  0.0000
R10  SLR   2019 09 30 00 00 00                            0.1370   -0.0030    1.8735     0.0000  0.0000  1.0000     1.0000  0.0000  0.0000
R11  SLR   1995  7 24  0  0  0  2007 12 24 23 59 59       0.0000    0.0000    1.5545     0.0000  0.0000  1.0000     1.0000  0.0000  0.0000
R11  SLR   2007 12 25  0  0  0  2016 06 23 23 59 59       0.1370   -0.0030    1.8735     0.0000  0.0000  1.0000     1.0000  0.0000  0.0000
R11  SLR   2016  6 24  0  0  0  2020 11 19 23 59 59       0.1370   -0.0030    1.8735     0.0000  0.0000  1.0000     1.0000  0.0000  0.0000
R11  SLR   2020 12 01 00 00 00                            0.0000    0.0000    1.4700     0.0000  0.0000  1.0000     1.0000  0.0000  0.0000
R12  SLR   1994  8 11  0  0  0  2010 09 01 23 59 59       0.0000    0.0000    1.5545     0.0000  0.0000  1.0000     1.0000  0.0000  0.0000
R12  SLR   2010  9  2  0  0  0  2016 11 21 23 59 59       0.1370   -0.0030    1.8735     0.0000  0.0000  1.0000     1.0000  0.0000  0.0000
R12  SLR   2016 12 15  0  0  0  2019 06 18 23 59 59       0.1370   -0.0030    1.8735     0.0000  0.0000  1.0000     1.0000  0.0000  0.0000
R12  SLR   2019 06 19 00 00 00                            0.1370   -0.0030    1.8735     0.0000  0.0000  1.0000     1.0000  0.0000  0.0000
R13  SLR   1995 12 14  0  0  0  2007 12 24 23 59 59       0.0000    0.0000    1.5545     0.0000  0.0000  1.0000     1.0000  0.0000  0.0000
R13  SLR   2007 12 25 00 00 00                            0.1370   -0.0030    1.8735     0.0000  0.0000  1.0000     1.0000  0.0000  0.0000
R14  SLR   1994  8 11  0  0  0  2006 12 24 23 59 59       0.0000    0.0000    1.5545     0.0000  0.0000  1.0000     1.0000  0.0000  0.0000
R14  SLR   2006 12 25  0  0  0  2010 12 15 23 59 59       0.1370   -0.0030    1.8735     0.0000  0.0000  1.0000     1.0000  0.0000  0.0000
R14  SLR   2010 12 16  0  0  0  2011 10 12 23 59 59       0.1370   -0.0030    1.8735     0.0000  0.0000  1.0000     1.0000  0.0000  0.0000
R14  SLR   2011 10 13  0  0  0  2017 07 08 23 59 59       0.1370   -0.0030    1.8735     0.0000  0.0000  1.0000     1.0000  0.0000  0.0000
R14  SLR   2017  9 21  0  0  0  2017 10 05 23 59 59       0.0000    0.0000    1.4700     0.0000  0.0000  1.0000     1.0000  0.0000  0.0000
R14  SLR   2017 10 10 00 00 00                            0.1370   -0.0030    1.8735     0.0000  0.0000  1.0000     1.0000  0.0000  0.0000
R15  SLR   1995  7 24  0  0  0  1999 04 06 23 59 59       0.0000    0.0000    1.5545     0.0000  0.0000  1.0000     1.0000  0.0000  0.0000
R15  SLR   1999  4  7  0  0  0  2006 12 24 23 59 59       0.0000    0.0000    1.5545     0.0000  0.0000  1.0000     1.0000  0.0000  0.0000
R15  SLR   2006 12 25  0  0  0  2018 11 23 23 59 59       0.1370   -0.0030    1.8735     0.0000  0.0000  1.0000     1.0000  0.0000  0.0000
R15  SLR   2018 11 24 00 00 00                            0.1370   -0.0030    1.8735     0.0000  0.0000  1.0000     1.0000  0.0000  0.0000
R16  SLR   1994  8 11  0  0  0  2010 09 01 23 59 59       0.0000    0.0000    1.5545     0.0000  0.0000  1.0000     1.0000  0.0000  0.0000
R16  SLR   2010  9  2  0  0  0  2010 09 30 23 59 59       0.1370   -0.0030    1.8735     0.0000  0.0000  1.0000     1.0000  0.0000  0.0000
R16  SLR   2010 10  1  0  0  0  2016 02 14 23 59 59       0.1370   -0.0030    1.8735     0.0000  0.0000  1.0000     1.0000  0.0000  0.0000
R16  SLR   2016  3  9  0  0  0  2021 12 17 23 59 59       0.1370   -0.0030    1.8735     0.0000  0.0000  1.0000     1.0000  0.0000  0.0000
R16  SLR   2022 11 28 00 00 00                            0.1370   -0.0030    1.8735     0.0000  0.0000  1.0000     1.0000  0.0000  0.0000
R17  SLR   1994  4 11  0  0  0  2000 10 12 23 59 59       0.0000    0.0000    1.5545     0.0000  0.0000  1.0000     1.0000  0.0000  0.0000
R17  SLR   2000 10 13  0  0  0  2007 10 25 23 59 59       0.0000    0.0000    1.5545     0.0000  0.0000  1.0000     1.0000  0.0000  0.0000
R17  SLR   2007 10 26  0  0  0  2010 12 15 23 59 59       0.1370   -0.0030    1.8735     0.0000  0.0000  1.0000     1.0000  0.0000  0.0000
R17  SLR   2010 12 16  0  0  0  2011 12 19 23 59 59       0.1370   -0.0030    1.8735     0.0000  0.0000  1.0000     1.0000  0.0000  0.0000
R17  SLR   2011 12 20  0  0  0  2015 04 12 23 59 59       0.1370   -0.0030    1.8735     0.0000  0.0000  1.0000     1.0000  0.0000  0.0000
R17  SLR   2015  4 13  0  0  0  2016 01 26 23 59 59       0.1370   -0.0030    1.8735     0.0000  0.0000  1.0000     1.0000  0.0000  0.0000
R17  SLR   2016  1 27  0  0  0  2016 02 15 23 59 59       0.0000    0.0000    1.4700     0.0000  0.0000  1.0000     1.0000  0.0000  0.0000
R17  SLR   2016  2 16  0  0  0  2016 02 23 23 59 59       0.1370   -0.0030    1.8735     0.0000  0.0000  1.0000     1.0000  0.0000  0.0000
R17  SLR   2016 02 24 00 00 00                            0.1370   -0.0030    1.8735     0.0000  0.0000  1.0000     1.0000  0.0000  0.0000
R18  SLR   1994  4 11  0  0  0  2000 10 12 23 59 59       0.0000    0.0000    1.5545     0.0000  0.0000  1.0000     1.0000  0.0000  0.0000
R18  SLR   2000 10 13  0  0  0  2008 09 24 23 59 59       0.0000    0.0000    1.5545     0.0000  0.0000  1.0000     1.0000  0.0000  0.0000
R18  SLR   2008  9 25  0  0  0  2014 02 11 23 59 59       0.1370   -0.0030    1.8735     0.0000  0.0000  1.0000     1.0000  0.0000  0.0000
R18  SLR   2014  2 18  0  0  0  2014 04 10 23 59 59       0.1370   -0.0030    1.8735     0.0000  0.0000  1.0000     1.0000  0.0000  0.0000
R18  SLR   2014 04 11 00 00 00                            0.1370   -0.0030    1.8735     0.0000  0.0000  1.0000     1.0000  0.0000  0.0000
R19  SLR   1995  3  7  0  0  0  2005 12 24 23 59 59       0.0000    0.0000    1.5545     0.0000  0.0000  1.0000     1.0000  0.0000  0.0000
R19  SLR   2005 12 25  0  0  0  2007 10 25 23 59 59       0.0000    0.0000    1.5545     0.0000  0.0000  1.0000     1.0000  0.0000  0.0000
R19  SLR   2007 10 26 00 00 00                            0.1370   -0.0030    1.8735     0.0000  0.0000  1.0000     1.0000  0.0000  0.0000
R20  SLR   1995  3  7  0  0  0  2006 02 27 23 59 59       0.0000    0.0000    1.5545     0.0000  0.0000  1.0000     1.0000  0.0000  0.0000
R20  SLR   2006  2 28  0  0  0  2007 10 25 23 59 59       0.0000    0.0000    1.5545     0.0000  0.0000  1.0000     1.0000  0.0000  0.0000
R20  SLR   2007 10 26 00 00 00                            0.1370   -0.0030    1.8735     0.0000  0.0000  1.0000     1.0000  0.0000  0.0000
R21  SLR   1996  1  1  0  0  0  2002 12 24 23 59 59       0.0000    0.0000    1.5545     0.0000  0.0000  1.0000     1.0000  0.0000  0.0000
R21  SLR   2002 12 25  0  0  0  2008 09 24 23 59 59       0.0000    0.0000    1.5545     0.0000  0.0000  1.0000     1.0000  0.0000  0.0000
R21  SLR   2008  9 25  0  0  0  2014 08 01 23 59 59       0.1370   -0.0030    1.8735     0.0000  0.0000  1.0000     1.0000  0.0000  0.0000
R21  SLR   2014 08 02 00 00 00                            0.1370   -0.0030    1.8735     0.0000  0.0000  1.0000     1.0000  0.0000  0.0000
R22  SLR   1995  3  7  0  0  0  2002 12 24 23 59 59       0.0000    0.0000    1.5545     0.0000  0.0000  1.0000     1.0000  0.0000  0.0000
R22  SLR   2002 12 25  0  0  0  2007 10 25 23 59 59       0.0000    0.0000    1.5545     0.0000  0.0000  1.0000     1.0000  0.0000  0.0000
R22  SLR   2007 10 26  0  0  0  2008 09 24 23 59 59       0.0000    0.0000    1.5545     0.0000  0.0000  1.0000     1.0000  0.0000  0.0000
R22  SLR   2008  9 25  0  0  0  2010 02 28 23 59 59       0.1370   -0.0030    1.8735     0.0000  0.0000  1.0000     1.0000  0.0000  0.0000
R22  SLR   2010  3  1  0  0  0  2020 06 24 23 59 59       0.1370   -0.0030    1.8735     0.0000  0.0000  1.0000     1.0000  0.0000  0.0000
R22  SLR   2020  8 13  0  0  0  2022 06 04 23 59 59       0.1370   -0.0030    1.8735     0.0000  0.0000  1.0000     1.0000  0.0000  0.0000
R22  SLR   2022 07 07 00 00 00                            0.0000    0.0000    1.4700     0.0000  0.0000  1.0000     1.0000  0.0000  0.0000
R23  SLR   1994  4 11  0  0  0  2002 12 24 23 59 59       0.0000    0.0000    1.5545     0.0000  0.0000  1.0000     1.0000  0.0000  0.0000
R23  SLR   2002 12 25  0  0  0  2006 02 27 23 59 59       0.0000    0.0000    1.5545     0.0000  0.0000  1.0000     1.0000  0.0000  0.0000
R23  SLR   2006  2 28  0  0  0  2010 03 18 23 59 59       0.1370   -0.0030    1.8735     0.0000  0.0000  1.0000     1.0000  0.0000  0.0000
R23  SLR   2010 03 19 00 00 00                            0.1370   -0.0030    1.8735     0.0000  0.0000  1.0000     1.0000  0.0000  0.0000
R24  SLR   1996  1  1  0  0  0  1996 08 26 23 59 59       0.0000    0.0000    1.5545     0.0000  0.0000  1.0000     1.0000  0.0000  0.0000
R24  SLR   2000 10 13  0  0  0  2005 12 24 23 59 59       0.0000    0.0000    1.5545     0.0000  0.0000  1.0000     1.0000  0.0000  0.0000
R24  SLR   2005 12 25  0  0  0  2010 02 28 23 59 59       0.1370   -0.0030    1.8735     0.0000  0.0000  1.0000     1.0000  0.0000  0.0000
R24  SLR   2010  3  1  0  0  0  2020 04 09 23 59 59       0.1370   -0.0030    1.8735     0.0000  0.0000  1.0000     1.0000  0.0000  0.0000
R24  SLR   2020 04 10 00 00 00                            0.1370   -0.0030    1.8735     0.0000  0.0000  1.0000     1.0000  0.0000  0.0000
R25  SLR   2020 11 12  0  0  0  2020 11 30 23 59 59       0.0000    0.0000    1.4700     0.0000  0.0000  1.0000     1.0000  0.0000  0.0000
R25  SLR   2022 10 10 00 00 00                            0.0000    0.0000    1.4700     0.0000  0.0000  1.0000     1.0000  0.0000  0.0000
R26  SLR   2012  3 15  0  0  0  2013 01 05 23 59 59       0.0000    0.0000    1.4700     0.0000  0.0000  1.0000     1.0000  0.0000  0.0000
R26  SLR   2013  2 23  0  0  0  2017 09 20 23 59 59       0.0000    0.0000    1.4700     0.0000  0.0000  1.0000     1.0000  0.0000  0.0000
R26  SLR   2017 10 06 00 00 00                            0.0000    0.0000    1.4700     0.0000  0.0000  1.0000     1.0000  0.0000  0.0000
R27  SLR   2014 11 30  0  0  0  2016 01 26 23 59 59       0.0000    0.0000    1.4700     0.0000  0.0000  1.0000     1.0000  0.0000  0.0000
R27  SLR   2019 08 03 00 00 00                            0.1370   -0.0030    1.8735     0.0000  0.0000  1.0000     1.0000  0.0000  0.0000
C01  SLR   2010 01 16 00 00 00                           -0.6241   -0.5705    1.1000     0.0000  0.0000  1.0000     1.0000  0.0000  0.0000
C02  SLR   2012 10 25 00 00 00                           -0.6065   -0.5702    1.1000     0.0000  0.0000  1.0000     1.0000  0.0000  0.0000
C03  SLR   2018 09 29 00 00 00                           -0.6146   -0.5701    1.1001     0.0000  0.0000  1.0000     1.0000  0.0000  0.0000
C04  SLR   2010 10 31 00 00 00                           -0.6069   -0.5702    1.1000     0.0000  0.0000  1.0000     1.0000  0.0000  0.0000
C05  SLR   2012 02 14 00 00 00                           -0.6058   -0.5703    1.1001     0.0000  0.0000  1.0000     1.0000  0.0000  0.0000
C06  SLR   2010 07 31 00 00 00                           -0.4173   -0.5729    1.1001     0.0000  0.0000  1.0000     1.0000  0.0000  0.0000
C07  SLR   2010 12 17 00 00 00                           -0.4185   -0.5730    1.1000     0.0000  0.0000  1.0000     1.0000  0.0000  0.0000
C08  SLR   2011 04 09 00 00 00                           -0.4203   -0.5735    1.1000     0.0000  0.0000  1.0000     1.0000  0.0000  0.0000
C09  SLR   2011 07 26 00 00 00                           -0.4258   -0.5735    1.0997     0.0000  0.0000  1.0000     1.0000  0.0000  0.0000
C10  SLR   2011 12 01 00 00 00                           -0.4267   -0.5732    1.0995     0.0000  0.0000  1.0000     1.0000  0.0000  0.0000
C11  SLR   2012 04 29 00 00 00                           -0.4264   -0.5379    1.1000     0.0000  0.0000  1.0000     1.0000  0.0000  0.0000
C12  SLR   2012 04 29 00 00 00                           -0.4271   -0.5379    1.1001     0.0000  0.0000  1.0000     1.0000  0.0000  0.0000
C13  SLR   2016 10 11 07 30 00                           -0.4215   -0.5726    1.1000     0.0000  0.0000  1.0000     1.0000  0.0000  0.0000
C14  SLR   2012 09 18 00 00 00                           -0.4302   -0.5382    1.0998     0.0000  0.0000  1.0000     1.0000  0.0000  0.0000
C16  SLR   2018 08 01 00 00 00                           -0.4056   -0.5735    1.1000     0.0000  0.0000  1.0000     1.0000  0.0000  0.0000
C19  SLR   2016 04 29 00 00 00                            0.5933   -0.0870    1.2600     0.0000  0.0000  1.0000     1.0000  0.0000  0.0000
C20  SLR   2016 04 29 00 00 00                            0.5947   -0.0846    1.2644     0.0000  0.0000  1.0000     1.0000  0.0000  0.0000
C21  SLR   2016 04 29 00 00 00                            0.5986   -0.0866    1.2650     0.0000  0.0000  1.0000     1.0000  0.0000  0.0000
C22  SLR   2016 04 29 00 00 00                            0.5967   -0.0876    1.2673     0.0000  0.0000  1.0000     1.0000  0.0000  0.0000
C23  SLR   2016 04 29 00 00 00                            0.6045   -0.0809    1.2718     0.0000  0.0000  1.0000     1.0000  0.0000  0.0000
C24  SLR   2016 04 29 00 00 00                            0.6054   -0.0825    1.2628     0.0000  0.0000  1.0000     1.0000  0.0000  0.0000
C25  SLR   2016 04 29 00 00 00                            0.6566    0.4287    0.6100     0.0000  0.0000  1.0000     1.0000  0.0000  0.0000
C26  SLR   2016 04 29 00 00 00                            0.6559    0.4279    0.6092     0.0000  0.0000  1.0000     1.0000  0.0000  0.0000
C27  SLR   2016 04 29 00 00 00                            0.6096    0.4316    0.6204     0.0000  0.0000  1.0000     1.0000  0.0000  0.0000
C28  SLR   2016 04 29 00 00 00                            0.6080    0.4311    0.6080     0.0000  0.0000  1.0000     1.0000  0.0000  0.0000
C29  SLR   2016 04 29 00 00 00                            0.6095    0.4260    0.6142     0.0000  0.0000  1.0000     1.0000  0.0000  0.0000
C30  SLR   2016 04 29 00 00 00                            0.6097    0.4273    0.6153     0.0000  0.0000  1.0000     1.0000  0.0000  0.0000
C32  SLR   2016 04 29 00 00 00                            0.6283   -0.0868    1.2367     0.0000  0.0000  1.0000     1.0000  0.0000  0.0000
C33  SLR   2016 04 29 00 00 00                            0.6276   -0.0882    1.2293     0.0000  0.0000  1.0000     1.0000  0.0000  0.0000
C34  SLR   2016 04 29 00 00 00                            0.6728    0.4282    0.6114     0.0000  0.0000  1.0000     1.0000  0.0000  0.0000
C35  SLR   2016 04 29 00 00 00                            0.6724    0.4291    0.6095     0.0000  0.0000  1.0000     1.0000  0.0000  0.0000
C36  SLR   2016 04 29 00 00 00                            0.6133   -0.0892    1.0977     0.0000  0.0000  1.0000     1.0000  0.0000  0.0000
C37  SLR   2016 04 29 00 00 00                            0.6082   -0.0899    1.0935     0.0000  0.0000  1.0000     1.0000  0.0000  0.0000
C38  SLR   2016 04 29 00 00 00                           -0.9893   -0.7118    1.9724     0.0000  0.0000  1.0000     1.0000  0.0000  0.0000
C19  ISL   2017 11 05 00 00 00                            0.7800    0.3730    1.6640     0.0000  0.0000  1.0000     1.0000  0.0000  0.0000
C20  ISL   2017 11 05 00 00 00                            0.7800    0.3730    1.6640     0.0000  0.0000  1.0000     1.0000  0.0000  0.0000
C21  ISL   2018 02 12 00 00 00                            0.7800    0.3730    1.6640     0.0000  0.0000  1.0000     1.0000  0.0000  0.0000
C22  ISL   2018 02 12 00 00 00                            0.7800    0.3730    1.6640     0.0000  0.0000  1.0000     1.0000  0.0000  0.0000
C27  ISL   2018 01 11 00 00 00                           -1.1200   -0.2820    0.8260     0.0000  0.0000  1.0000     1.0000  0.0000  0.0000
C28  ISL   2018 01 11 00 00 00                           -1.1200   -0.2820    0.8260     0.0000  0.0000  1.0000     1.0000  0.0000  0.0000
C29  ISL   2018 03 29 00 00 00                           -1.1200   -0.2820    0.8260     0.0000  0.0000  1.0000     1.0000  0.0000  0.0000
C30  ISL   2018 03 29 00 00 00                           -1.1200   -0.2820    0.8260     0.0000  0.0000  1.0000     1.0000  0.0000  0.0000
E01  SLR   2016 05 24 00 00 00                            0.9652    0.0179    0.5552     0.0000  0.0000  1.0000     1.0000  0.0000  0.0000
E02  SLR   2016 05 24 00 00 00                            0.9661    0.0173    0.5552     0.0000  0.0000  1.0000     1.0000  0.0000  0.0000
E03  SLR   2016 11 17 00 00 00                            0.9602    0.0176    0.5552     0.0000  0.0000  1.0000     1.0000  0.0000  0.0000
E04  SLR   2016 11 17 00 00 00                            0.9657    0.0172    0.5552     0.0000  0.0000  1.0000     1.0000  0.0000  0.0000
E05  SLR   2016 11 17 00 00 00                            0.9646    0.0181    0.5552     0.0000  0.0000  1.0000     1.0000  0.0000  0.0000
E07  SLR   2016 11 17 00 00 00                            0.9642    0.0180    0.5552     0.0000  0.0000  1.0000     1.0000  0.0000  0.0000
E08  SLR   2015 12 17 00 00 00                            0.9641    0.0171    0.5552     0.0000  0.0000  1.0000     1.0000  0.0000  0.0000
E09  SLR   2015 12 17 00 00 00                            0.9645    0.0179    0.5554     0.0000  0.0000  1.0000     1.0000  0.0000  0.0000
E11  SLR   2011 10 21 00 00 00                           -1.0921    0.0339    0.6206     0.0000  0.0000  1.0000     1.0000  0.0000  0.0000
E12  SLR   2011 10 21 00 00 00                           -1.0927    0.0338    0.6226     0.0000  0.0000  1.0000     1.0000  0.0000  0.0000
E13  SLR   2018 07 25 00 00 00                            1.0146    0.0149    0.5581     0.0000  0.0000  1.0000     1.0000  0.0000  0.0000
E14  SLR   2014 08 22 00 00 00                            1.0146    0.0149    0.5581     0.0000  0.0000  1.0000     1.0000  0.0000  0.0000
E15  SLR   2018 07 25 00 00 00                            1.0146    0.0149    0.5581     0.0000  0.0000  1.0000     1.0000  0.0000  0.0000
E18  SLR   2014 08 22 00 00 00                            1.0199    0.0140    0.5585     0.0000  0.0000  1.0000     1.0000  0.0000  0.0000
E19  SLR   2012 10 12 00 00 00                           -1.0927    0.0346    0.6212     0.0000  0.0000  1.0000     1.0000  0.0000  0.0000
E20  SLR   2012 10 12 00 00 00                           -1.0927    0.0340    0.6225     0.0000  0.0000  1.0000     1.0000  0.0000  0.0000
E21  SLR   2017 12 12 00 00 00                            1.0347    0.0140    0.5586     0.0000  0.0000  1.0000     1.0000  0.0000  0.0000
E22  SLR   2015 03 27 00 00 00                            0.9641    0.0183    0.5592     0.0000  0.0000  1.0000     1.0000  0.0000  0.0000
E24  SLR   2015 09 11 00 00 00                            0.9616    0.0176    0.5550     0.0000  0.0000  1.0000     1.0000  0.0000  0.0000
E25  SLR   2017 12 12 00 00 00                            1.0347    0.0140    0.5586     0.0000  0.0000  1.0000     1.0000  0.0000  0.0000
E26  SLR   2015 03 27 00 00 00                            0.9625    0.0183    0.5593     0.0000  0.0000  1.0000     1.0000  0.0000  0.0000
E27  SLR   2017 12 12 00 00 00                            1.0347    0.0140    0.5586     0.0000  0.0000  1.0000     1.0000  0.0000  0.0000
E30  SLR   2015 09 11 00 00 00                            0.9622    0.0180    0.5552     0.0000  0.0000  1.0000     1.0000  0.0000  0.0000
E31  SLR   2017 12 12 00 00 00                            1.0347    0.0140    0.5586     0.0000  0.0000  1.0000     1.0000  0.0000  0.0000
E33  SLR   2018 07 25 00 00 00                            1.0146    0.0149    0.5581     0.0000  0.0000  1.0000     1.0000  0.0000  0.0000
E36  SLR   2018 07 25 00 00 00                            1.0146    0.0149    0.5581     0.0000  0.0000  1.0000     1.0000  0.0000  0.0000
J01  SLR   2010 09 11 00 00 00                            1.1491    0.5529    2.6854     0.0000  0.0000  1.0000     1.0000  0.0000  0.0000
J02  SLR   2017 06 01 00 00 00                            0.9912    0.8589    2.6022     0.0000  0.0000  1.0000     1.0000  0.0000  0.0000
J07  SLR   2017 08 19 00 00 00                           -1.0818    0.4608    2.5916     0.0000  0.0000  1.0000     1.0000  0.0000  0.0000
J03  SLR   2017 10 09 00 00 00                            0.9915    0.8594    2.6052     0.0000  0.0000  1.0000     1.0000  0.0000  0.0000
I01  SLR   2013 07 01 00 00 00                           -0.4360    0.5280    1.1200     0.0000  0.0000  1.0000     1.0000  0.0000  0.0000
I02  SLR   2014 04 04 00 00 00                           -0.4360    0.5280    1.1200     0.0000  0.0000  1.0000     1.0000  0.0000  0.0000
I03  SLR   2014 10 15 00 00 00                           -0.4360    0.5280    1.1200     0.0000  0.0000  1.0000     1.0000  0.0000  0.0000
I04  SLR   2015 03 08 00 00 00                           -0.4360    0.5280    1.1200     0.0000  0.0000  1.0000     1.0000  0.0000  0.0000
I05  SLR   2016 01 20 00 00 00                           -0.4360    0.5280    1.1200     0.0000  0.0000  1.0000     1.0000  0.0000  0.0000
I06  SLR   2016 03 10 00 00 00                           -0.4360    0.5280    1.1200     0.0000  0.0000  1.0000     1.0000  0.0000  0.0000
I07  SLR   2016 04 28 00 00 00                           -0.4360    0.5280    1.1200     0.0000  0.0000  1.0000     1.0000  0.0000  0.0000
I09  SLR   2018 04 11 00 00 00                           -0.4360    0.5280    1.1200     0.0000  0.0000  1.0000     1.0000  0.0000  0.0000
L01  POD   2013 09 23 00 00 00                           -1.2750    0.2820   -0.9837     0.0000  0.0000 -1.0000     1.0000  0.0000  0.0000
L02  POD   2011 08 15 00 00 00                           -1.0214   -0.2208    0.9856     0.0000  0.0000 -1.0000     1.0000  0.0000  0.0000
L03  POD   2012 01 09 00 00 00                           -1.3047   -0.3862    0.9630     0.0000  0.0000 -1.0000     1.0000  0.0000  0.0000
L04  POD   2014 07 08 00 00 00                            0.2550   -0.1900   -0.4574     0.0000  0.0000 -1.0000     1.0000  0.0000  0.0000
L06  POD   2002 03 17 00 00 00                           -0.0004   -0.0004   -0.4516     0.0000  0.0000 -1.0000     0.0000 -1.0000  0.0000
L06  SLR   2002 03 17 00 00 00                           -0.6000   -0.3275    0.2178     0.0000  0.0000 -1.0000     0.0000 -1.0000  0.0000
L07  POD   2002 03 17 00 00 00                            0.0006   -0.0008   -0.4519     0.0000  0.0000 -1.0000     0.0000  1.0000  0.0000
L07  SLR   2002 03 17 00 00 00                           -0.6000   -0.3275    0.2178     0.0000  0.0000 -1.0000     0.0000  1.0000  0.0000
L47  POD   2013 11 22 00 00 00  2014 01 26 23 59 59       0.2967    0.0000   -0.4719     0.0000  0.0000 -1.0000     1.0000  0.0000  0.0000
L47  POD   2014 01 27 00 00 00  2014 01 27 23 59 59       0.2972    0.0000   -0.4719     0.0000  0.0000 -1.0000     1.0000  0.0000  0.0000
L47  POD   2014 01 28 00 00 00  2014 01 28 23 59 59       0.2990    0.0000   -0.4719     0.0000  0.0000 -1.0000     1.0000  0.0000  0.0000
L47  POD   2014 01 29 00 00 00  2014 02 03 23 59 59       0.2997    0.0000   -0.4719     0.0000  0.0000 -1.0000     1.0000  0.0000  0.0000
L47  POD   2014 02 04 00 00 00  2014 02 04 23 59 59       0.2999    0.0000   -0.4719     0.0000  0.0000 -1.0000     1.0000  0.0000  0.0000
L47  POD   2014 02 05 00 00 00  2014 02 05 23 59 59       0.3013    0.0000   -0.4719     0.0000  0.0000 -1.0000     1.0000  0.0000  0.0000
L47  POD   2014 02 06 00 00 00  2014 02 17 23 59 59       0.3037    0.0000   -0.4719     0.0000  0.0000 -1.0000     1.0000  0.0000  0.0000
L47  POD   2014 02 18 00 00 00  2014 02 18 23 59 59       0.3043    0.0000   -0.4719     0.0000  0.0000 -1.0000     1.0000  0.0000  0.0000
L47  POD   2014 02 19 00 00 00  2015 06 25 23 59 59       0.3057    0.0000   -0.4719     0.0000  0.0000 -1.0000     1.0000  0.0000  0.0000
L47  POD   2015 06 26 00 00 00  2015 07 03 23 59 59       0.3059    0.0000   -0.4719     0.0000  0.0000 -1.0000     1.0000  0.0000  0.0000
L47  POD   2015 07 04 00 00 00  2015 07 12 23 59 59       0.3060    0.0000   -0.4719     0.0000  0.0000 -1.0000     1.0000  0.0000  0.0000
L47  POD   2015 07 13 00 00 00  2015 07 20 23 59 59       0.3061    0.0000   -0.4719     0.0000  0.0000 -1.0000     1.0000  0.0000  0.0000
L47  POD   2015 07 21 00 00 00  2015 07 22 23 59 59       0.3062    0.0000   -0.4719     0.0000  0.0000 -1.0000     1.0000  0.0000  0.0000
L47  POD   2015 07 23 00 00 00  2015 07 24 23 59 59       0.3063    0.0000   -0.4719     0.0000  0.0000 -1.0000     1.0000  0.0000  0.0000
L47  POD   2015 07 25 00 00 00  2015 07 27 23 59 59       0.3064    0.0000   -0.4719     0.0000  0.0000 -1.0000     1.0000  0.0000  0.0000
L47  POD   2015 07 28 00 00 00  2015 08 05 23 59 59       0.3065    0.0000   -0.4719     0.0000  0.0000 -1.0000     1.0000  0.0000  0.0000
L47  POD   2015 08 06 00 00 00  2015 08 10 23 59 59       0.3066    0.0000   -0.4719     0.0000  0.0000 -1.0000     1.0000  0.0000  0.0000
L47  POD   2015 08 11 00 00 00                            0.3067    0.0000   -0.4719     0.0000  0.0000 -1.0000     1.0000  0.0000  0.0000
L47  SLR   2013 11 22 00 00 00  2014 01 26 23 59 59      -0.4726    0.5198    0.3030     0.0000  0.0000 -1.0000     1.0000  0.0000  0.0000
L47  SLR   2014 01 27 00 00 00  2014 01 27 23 59 59      -0.4721    0.5198    0.3030     0.0000  0.0000 -1.0000     1.0000  0.0000  0.0000
L47  SLR   2014 01 28 00 00 00  2014 01 28 23 59 59      -0.4703    0.5198    0.3030     0.0000  0.0000 -1.0000     1.0000  0.0000  0.0000
L47  SLR   2014 01 29 00 00 00  2014 02 03 23 59 59      -0.4696    0.5198    0.3030     0.0000  0.0000 -1.0000     1.0000  0.0000  0.0000
L47  SLR   2014 02 04 00 00 00  2014 02 04 23 59 59      -0.4694    0.5198    0.3030     0.0000  0.0000 -1.0000     1.0000  0.0000  0.0000
L47  SLR   2014 02 05 00 00 00  2014 02 05 23 59 59      -0.4680    0.5198    0.3030     0.0000  0.0000 -1.0000     1.0000  0.0000  0.0000
L47  SLR   2014 02 06 00 00 00  2014 02 17 23 59 59      -0.4656    0.5198    0.3030     0.0000  0.0000 -1.0000     1.0000  0.0000  0.0000
L47  SLR   2014 02 18 00 00 00  2014 02 18 23 59 59      -0.4650    0.5198    0.3030     0.0000  0.0000 -1.0000     1.0000  0.0000  0.0000
L47  SLR   2014 02 19 00 00 00  2015 06 25 23 59 59      -0.4636    0.5198    0.3030     0.0000  0.0000 -1.0000     1.0000  0.0000  0.0000
L47  SLR   2015 06 26 00 00 00  2015 07 03 23 59 59      -0.4634    0.5198    0.3030     0.0000  0.0000 -1.0000     1.0000  0.0000  0.0000
L47  SLR   2015 07 04 00 00 00  2015 07 12 23 59 59      -0.4633    0.5198    0.3030     0.0000  0.0000 -1.0000     1.0000  0.0000  0.0000
L47  SLR   2015 07 13 00 00 00  2015 07 20 23 59 59      -0.4632    0.5198    0.3030     0.0000  0.0000 -1.0000     1.0000  0.0000  0.0000
L47  SLR   2015 07 21 00 00 00  2015 07 22 23 59 59      -0.4631    0.5198    0.3030     0.0000  0.0000 -1.0000     1.0000  0.0000  0.0000
L47  SLR   2015 07 23 00 00 00  2015 07 24 23 59 59      -0.4630    0.5198    0.3030     0.0000  0.0000 -1.0000     1.0000  0.0000  0.0000
L47  SLR   2015 07 25 00 00 00  2015 07 27 23 59 59      -0.4629    0.5198    0.3030     0.0000  0.0000 -1.0000     1.0000  0.0000  0.0000
L47  SLR   2015 07 28 00 00 00  2015 08 05 23 59 59      -0.4628    0.5198    0.3030     0.0000  0.0000 -1.0000     1.0000  0.0000  0.0000
L47  SLR   2015 08 06 00 00 00  2015 08 10 23 59 59      -0.4627    0.5198    0.3030     0.0000  0.0000 -1.0000     1.0000  0.0000  0.0000
L47  SLR   2015 08 11 00 00 00                           -0.4626    0.5198    0.3030     0.0000  0.0000 -1.0000     1.0000  0.0000  0.0000
L48  POD   2013 11 22 00 00 00  2014 02 27 23 59 59       0.2950    0.0008   -0.4717     0.0000  0.0000 -1.0000     1.0000  0.0000  0.0000
L48  POD   2014 02 28 00 00 00  2014 03 10 23 59 59       0.3000    0.0008   -0.4717     0.0000  0.0000 -1.0000     1.0000  0.0000  0.0000
L48  POD   2014 03 11 00 00 00  2014 03 11 23 59 59       0.3004    0.0008   -0.4717     0.0000  0.0000 -1.0000     1.0000  0.0000  0.0000
L48  POD   2014 03 12 00 00 00  2014 03 12 23 59 59       0.3020    0.0008   -0.4717     0.0000  0.0000 -1.0000     1.0000  0.0000  0.0000
L48  POD   2014 03 13 00 00 00                            0.3050    0.0008   -0.4717     0.0000  0.0000 -1.0000     1.0000  0.0000  0.0000
L48  SLR   2013 11 22 00 00 00  2014 02 27 23 59 59      -0.4736    0.5027    0.3027     0.0000  0.0000 -1.0000     1.0000  0.0000  0.0000
L48  SLR   2014 02 28 00 00 00  2014 03 10 23 59 59      -0.4686    0.5027    0.3027     0.0000  0.0000 -1.0000     1.0000  0.0000  0.0000
L48  SLR   2014 03 11 00 00 00  2014 03 11 23 59 59      -0.4682    0.5027    0.3027     0.0000  0.0000 -1.0000     1.0000  0.0000  0.0000
L48  SLR   2014 03 12 00 00 00  2014 03 12 23 59 59      -0.4666    0.5027    0.3027     0.0000  0.0000 -1.0000     1.0000  0.0000  0.0000
L48  SLR   2014 03 13 00 00 00                           -0.4636    0.5027    0.3027     0.0000  0.0000 -1.0000     1.0000  0.0000  0.0000
L49  POD   2013 11 22 00 00 00  2014 01 22 23 59 59       0.2938    0.0000   -0.4716     0.0000  0.0000 -1.0000     1.0000  0.0000  0.0000
L49  POD   2014 01 23 00 00 00  2014 01 23 23 59 59       0.2942    0.0000   -0.4716     0.0000  0.0000 -1.0000     1.0000  0.0000  0.0000
L49  POD   2014 01 24 00 00 00  2014 03 03 23 59 59       0.2948    0.0000   -0.4716     0.0000  0.0000 -1.0000     1.0000  0.0000  0.0000
L49  POD   2014 03 04 00 00 00  2014 03 04 23 59 59       0.2950    0.0000   -0.4716     0.0000  0.0000 -1.0000     1.0000  0.0000  0.0000
L49  POD   2014 03 05 00 00 00  2014 03 24 23 59 59       0.2978    0.0000   -0.4716     0.0000  0.0000 -1.0000     1.0000  0.0000  0.0000
L49  POD   2014 03 25 00 00 00  2014 03 25 23 59 59       0.2979    0.0000   -0.4716     0.0000  0.0000 -1.0000     1.0000  0.0000  0.0000
L49  POD   2014 03 26 00 00 00  2014 03 26 23 59 59       0.2997    0.0000   -0.4716     0.0000  0.0000 -1.0000     1.0000  0.0000  0.0000
L49  POD   2014 03 27 00 00 00  2014 04 07 23 59 59       0.2998    0.0000   -0.4716     0.0000  0.0000 -1.0000     1.0000  0.0000  0.0000
L49  POD   2014 04 08 00 00 00  2014 04 08 23 59 59       0.3000    0.0000   -0.4716     0.0000  0.0000 -1.0000     1.0000  0.0000  0.0000
L49  POD   2014 04 09 00 00 00  2014 04 09 23 59 59       0.3015    0.0000   -0.4716     0.0000  0.0000 -1.0000     1.0000  0.0000  0.0000
L49  POD   2014 04 10 00 00 00  2014 04 10 23 59 59       0.3028    0.0000   -0.4716     0.0000  0.0000 -1.0000     1.0000  0.0000  0.0000
L49  POD   2014 04 11 00 00 00  2014 04 11 23 59 59       0.3035    0.0000   -0.4716     0.0000  0.0000 -1.0000     1.0000  0.0000  0.0000
L49  POD   2014 04 12 00 00 00  2015 12 30 23 59 59       0.3038    0.0000   -0.4716     0.0000  0.0000 -1.0000     1.0000  0.0000  0.0000
L49  POD   2015 12 31 00 00 00  2016 01 18 23 59 59       0.3039    0.0000   -0.4716     0.0000  0.0000 -1.0000     1.0000  0.0000  0.0000
L49  POD   2016 01 19 00 00 00  2016 01 24 23 59 59       0.3040    0.0000   -0.4716     0.0000  0.0000 -1.0000     1.0000  0.0000  0.0000
L49  POD   2016 01 25 00 00 00  2016 01 28 23 59 59       0.3041    0.0000   -0.4716     0.0000  0.0000 -1.0000     1.0000  0.0000  0.0000
L49  POD   2016 01 29 00 00 00  2016 01 30 23 59 59       0.3042    0.0000   -0.4716     0.0000  0.0000 -1.0000     1.0000  0.0000  0.0000
L49  POD   2016 01 31 00 00 00  2016 02 02 23 59 59       0.3043    0.0000   -0.4716     0.0000  0.0000 -1.0000     1.0000  0.0000  0.0000
L49  POD   2016 02 03 00 00 00  2016 02 03 23 59 59       0.3044    0.0000   -0.4716     0.0000  0.0000 -1.0000     1.0000  0.0000  0.0000
L49  POD   2016 02 04 00 00 00  2016 02 04 23 59 59       0.3045    0.0000   -0.4716     0.0000  0.0000 -1.0000     1.0000  0.0000  0.0000
L49  POD   2016 02 05 00 00 00  2016 02 07 23 59 59       0.3046    0.0000   -0.4716     0.0000  0.0000 -1.0000     1.0000  0.0000  0.0000
L49  POD   2016 02 08 00 00 00  2016 02 11 23 59 59       0.3047    0.0000   -0.4716     0.0000  0.0000 -1.0000     1.0000  0.0000  0.0000
L49  POD   2016 02 12 00 00 00                            0.3048    0.0000   -0.4716     0.0000  0.0000 -1.0000     1.0000  0.0000  0.0000
L49  SLR   2013 11 22 00 00 00  2014 01 22 23 59 59      -0.4761    0.5201    0.3023     0.0000  0.0000 -1.0000     1.0000  0.0000  0.0000
L49  SLR   2014 01 23 00 00 00  2014 01 23 23 59 59      -0.4757    0.5201    0.3023     0.0000  0.0000 -1.0000     1.0000  0.0000  0.0000
L49  SLR   2014 01 24 00 00 00  2014 03 03 23 59 59      -0.4751    0.5201    0.3023     0.0000  0.0000 -1.0000     1.0000  0.0000  0.0000
L49  SLR   2014 03 04 00 00 00  2014 03 04 23 59 59      -0.4749    0.5201    0.3023     0.0000  0.0000 -1.0000     1.0000  0.0000  0.0000
L49  SLR   2014 03 05 00 00 00  2014 03 24 23 59 59      -0.4721    0.5201    0.3023     0.0000  0.0000 -1.0000     1.0000  0.0000  0.0000
L49  SLR   2014 03 25 00 00 00  2014 03 25 23 59 59      -0.4720    0.5201    0.3023     0.0000  0.0000 -1.0000     1.0000  0.0000  0.0000
L49  SLR   2014 03 26 00 00 00  2014 03 26 23 59 59      -0.4702    0.5201    0.3023     0.0000  0.0000 -1.0000     1.0000  0.0000  0.0000
L49  SLR   2014 03 27 00 00 00  2014 04 07 23 59 59      -0.4701    0.5201    0.3023     0.0000  0.0000 -1.0000     1.0000  0.0000  0.0000
L49  SLR   2014 04 08 00 00 00  2014 04 08 23 59 59      -0.4699    0.5201    0.3023     0.0000  0.0000 -1.0000     1.0000  0.0000  0.0000
L49  SLR   2014 04 09 00 00 00  2014 04 09 23 59 59      -0.4684    0.5201    0.3023     0.0000  0.0000 -1.0000     1.0000  0.0000  0.0000
L49  SLR   2014 04 10 00 00 00  2014 04 10 23 59 59      -0.4671    0.5201    0.3023     0.0000  0.0000 -1.0000     1.0000  0.0000  0.0000
L49  SLR   2014 04 11 00 00 00  2014 04 11 23 59 59      -0.4664    0.5201    0.3023     0.0000  0.0000 -1.0000     1.0000  0.0000  0.0000
L49  SLR   2014 04 12 00 00 00  2015 12 30 23 59 59      -0.4661    0.5201    0.3023     0.0000  0.0000 -1.0000     1.0000  0.0000  0.0000
L49  SLR   2015 12 31 00 00 00  2016 01 18 23 59 59      -0.4660    0.5201    0.3023     0.0000  0.0000 -1.0000     1.0000  0.0000  0.0000
L49  SLR   2016 01 19 00 00 00  2016 01 24 23 59 59      -0.4659    0.5201    0.3023     0.0000  0.0000 -1.0000     1.0000  0.0000  0.0000
L49  SLR   2016 01 25 00 00 00  2016 01 28 23 59 59      -0.4658    0.5201    0.3023     0.0000  0.0000 -1.0000     1.0000  0.0000  0.0000
L49  SLR   2016 01 29 00 00 00  2016 01 30 23 59 59      -0.4657    0.5201    0.3023     0.0000  0.0000 -1.0000     1.0000  0.0000  0.0000
L49  SLR   2016 01 31 00 00 00  2016 02 02 23 59 59      -0.4656    0.5201    0.3023     0.0000  0.0000 -1.0000     1.0000  0.0000  0.0000
L49  SLR   2016 02 03 00 00 00  2016 02 03 23 59 59      -0.4655    0.5201    0.3023     0.0000  0.0000 -1.0000     1.0000  0.0000  0.0000
L49  SLR   2016 02 04 00 00 00  2016 02 04 23 59 59      -0.4654    0.5201    0.3023     0.0000  0.0000 -1.0000     1.0000  0.0000  0.0000
L49  SLR   2016 02 05 00 00 00  2016 02 07 23 59 59      -0.4653    0.5201    0.3023     0.0000  0.0000 -1.0000     1.0000  0.0000  0.0000
L49  SLR   2016 02 08 00 00 00  2016 02 11 23 59 59      -0.4652    0.5201    0.3023     0.0000  0.0000 -1.0000     1.0000  0.0000  0.0000
L49  SLR   2016 02 12 00 00 00                           -0.4651    0.5201    0.3023     0.0000  0.0000 -1.0000     1.0000  0.0000  0.0000
